[[ 7  0  0  3]
 [ 0  8  1  1]
 [ 0  0 10  0]
 [ 0  2  0  8]],{'l1_ratio': 0.0},0.7597137322041414,[[ 2.39222225e-01  4.93421945e-03 -2.75795458e-02 -1.88871834e-04
  -5.71560000e-02  2.48503389e-02 -6.38662314e-02 -7.83152389e-02
  -2.06548797e-01 -1.31638326e-01 -1.25911939e-01 -1.53193401e-02
  -1.26778151e-02 -2.65695955e-03 -3.22846820e-02 -1.08254998e-01
  -2.84336020e-01 -6.70128853e-02 -1.37187423e-01 -1.21493081e-02
   2.38978768e-02  5.11966490e-03 -3.42213208e-02 -6.36977246e-02
   3.78808243e-01 -1.94117878e-02  4.09971438e-02 -2.60070027e-01
  -2.00342498e-02 -2.36409954e-02  5.45696856e-02 -1.93298388e-02
   5.28944457e-02 -2.74256216e-02 -9.42661887e-02 -8.35975891e-02
  -6.60880271e-02 -6.15503839e-03  6.18032601e-02  1.49986150e-03
  -1.22040737e-01 -1.02821673e-01 -1.85921090e-01 -5.16598056e-02
   2.72548277e-02 -4.99264532e-02 -4.17038906e-02  1.58159586e-03
   1.33123899e+00  1.05783747e-01 -1.19362304e-02  2.64984788e-01
  -4.36901673e-02 -3.68984528e-02  3.12064428e-04 -6.41359387e-03
  -3.52826965e-01 -9.68087057e-02  6.18247639e-03 -2.71655995e-01
  -1.62739623e-02  2.89388102e-03 -4.07542144e-02  1.37098500e-02
  -1.38442172e-01 -4.51871063e-02 -1.20290871e-01 -7.44742721e-02
   1.76478464e-02 -8.03036655e-03 -2.60907092e-02 -2.37722625e-02
   4.91815183e-01  2.84180212e-01  1.96724353e-02  1.26376957e+00
  -5.75489581e-02 -1.89069684e-02  9.01223671e-03  5.57354476e-02
  -3.28195287e-02 -2.43170492e-02  2.71247125e-02 -1.81751749e-01
  -6.25128804e-02 -8.16673095e-02  1.12838592e-02 -2.49378062e-02
  -1.80915733e-01 -1.08376476e-01 -1.57186333e-02 -8.38569767e-02
   5.35283239e-02 -2.51124140e-02 -2.34862753e-02 -5.76747863e-03]
 [-7.42517989e-01 -1.04769745e-01 -5.80630930e-02 -4.27477604e-02
  -5.55092092e-02 -2.15367592e-02 -1.00736764e-01 -1.98445552e-02
   3.49526630e-01 -1.13357163e-02  3.71840900e-01  2.18293197e-01
  -5.26138638e-02  2.99138539e-04 -3.52080004e-02  1.74625528e-01
   3.47182756e-02  1.35457008e-01  4.39391981e-01 -9.16599588e-02
  -3.86164886e-02  3.46039515e-03 -1.11707945e-02 -3.66724941e-02
  -1.89948833e-01  2.57643220e-01 -3.83524972e-02  1.01445812e+00
  -6.59401881e-02 -4.69034882e-02 -2.36116878e-02 -9.81482559e-02
  -2.63836216e-01 -4.40173619e-02  3.10386290e-01 -9.84434765e-02
  -8.75190058e-02 -2.16205779e-02 -7.63988775e-02 -6.74259625e-02
   2.16838470e-01  2.05260429e-01  5.95178262e-01  1.69326748e-01
  -6.49865433e-03  3.43055517e-02  3.85244256e-02  6.19335571e-02
  -1.63370605e+00 -4.29377645e-02 -5.25180642e-02 -2.86177040e-01
  -8.70004859e-02 -6.60821041e-04 -1.03665870e-02 -6.81421749e-02
   6.07198733e-01  4.92802581e-01  5.22915182e-01  4.48928755e-01
  -5.98835411e-02 -2.37461256e-02 -3.72317591e-02 -2.89983427e-02
   1.97600016e-01  7.83558887e-02  2.57415740e-01  9.23681331e-02
  -1.62490508e-02 -1.69977384e-02 -3.74817998e-02 -4.03201477e-03
  -5.38923217e-01 -2.06204235e-01 -2.88537138e-02 -7.54899382e-01
  -1.03203562e-01 -5.91461885e-02 -3.72760375e-02 -2.00703782e-01
  -2.34334983e-01 -9.96198522e-02  4.84524354e-02 -1.34024330e-01
  -3.48756907e-02 -8.13155034e-02 -8.58406076e-02 -1.40089118e-01
  -9.81419524e-03  2.09901544e-01  2.84213639e-01  3.25588130e-02
  -5.65683380e-02 -1.46757220e-02 -1.54899707e-02 -1.10463189e-01]
 [-2.99232615e-01  1.73668340e-01  8.53334035e-02 -5.34428088e-02
   1.56269635e-01  4.39136824e-02  2.05247641e-01  1.91956180e-01
  -3.98779324e-01 -1.42109249e-01 -1.03823144e-01 -6.16083844e-02
   1.11396362e-01  3.24698812e-02  4.21286138e-02  6.75963113e-02
   5.90825054e-01  4.32988260e-02 -1.09676094e-02  2.00750246e-01
   6.52871808e-02  7.70515043e-03  7.47594978e-02  9.97333346e-02
  -1.40581560e-01 -2.08625088e-02  3.54665261e-03 -4.75178248e-01
   1.21669249e-01  5.32653431e-02  1.56437638e-02  1.99585903e-01
  -1.45103958e-01 -6.60936015e-02 -7.35812396e-02  2.92043501e-02
   2.23487600e-01  4.94144510e-02  1.24425578e-01  1.10599009e-01
   2.85078972e-02 -6.97220454e-03 -2.08099171e-01  3.55330735e-02
   9.30217415e-04  2.17150097e-02  4.71406972e-02 -1.63496625e-02
  -1.39882963e+00 -5.29760980e-02 -3.45390790e-02 -4.68814944e-01
   1.06371896e-01  5.79200911e-02  2.29559519e-02  1.18208166e-01
  -2.52755293e-01 -3.17542805e-01 -2.77833164e-01 -1.26426987e-01
   1.35292067e-01  5.52317998e-02  9.03067694e-02  8.62173237e-02
   2.32653071e-02  2.16538226e-02 -3.21043101e-02  7.28310628e-02
   1.71736032e-02  1.06243625e-02  7.64810557e-02  3.46838869e-02
  -1.02289477e-01  5.52836810e-02  4.74806106e-02 -7.85244568e-01
   1.63267767e-01  9.67311045e-02  4.42591586e-02  2.63226253e-01
  -4.39790188e-02 -8.90172267e-02  2.86388497e-02  4.27296625e-03
   1.67266917e-01  2.01511049e-01  9.09716980e-02  2.55617363e-01
   3.43498122e-01 -4.65906924e-02 -1.14075842e-01  1.14681411e-01
   3.56377309e-02  6.13732055e-02  4.75954772e-02  1.58279122e-01]
 [ 8.02528380e-01 -7.38328144e-02  3.09235316e-04  9.63794410e-02
  -4.36044261e-02 -4.72272620e-02 -4.06446458e-02 -9.37963862e-02
   2.55801491e-01  2.85083291e-01 -1.42105816e-01 -1.41365473e-01
  -4.61046830e-02 -3.01120601e-02  2.53640687e-02 -1.33966841e-01
  -3.41207309e-01 -1.11742949e-01 -2.91236948e-01 -9.69409791e-02
  -5.05685690e-02 -1.62852105e-02 -2.93673825e-02  6.36884109e-04
  -4.82778511e-02 -2.17368924e-01 -6.19129919e-03 -2.79209847e-01
  -3.56948115e-02  1.72791404e-02 -4.66017615e-02 -8.21078080e-02
   3.56045728e-01  1.37536585e-01 -1.42538861e-01  1.52836715e-01
  -6.98805672e-02 -2.16388347e-02 -1.09829961e-01 -4.46729077e-02
  -1.23305631e-01 -9.54665519e-02 -2.01158000e-01 -1.53200016e-01
  -2.16863908e-02 -6.09410823e-03 -4.39612322e-02 -4.71654904e-02
   1.70129669e+00 -9.86988462e-03  9.89933736e-02  4.90007195e-01
   2.43187576e-02 -2.03608173e-02 -1.29014293e-02 -4.36523969e-02
  -1.61647524e-03 -7.84510709e-02 -2.51264494e-01 -5.08457739e-02
  -5.91345641e-02 -3.43795552e-02 -1.23207959e-02 -7.09288310e-02
  -8.24231507e-02 -5.48226049e-02 -1.05020558e-01 -9.07249237e-02
  -1.85723988e-02  1.44037424e-02 -1.29085467e-02 -6.87960956e-03
   1.49397511e-01 -1.33259658e-01 -3.82993321e-02  2.76374376e-01
  -2.51524752e-03 -1.86779476e-02 -1.59953578e-02 -1.18257918e-01
   3.11133531e-01  2.12954128e-01 -1.04215998e-01  3.11503113e-01
  -6.98783458e-02 -3.85282357e-02 -1.64149497e-02 -9.05904392e-02
  -1.52768194e-01 -5.49343756e-02 -1.54419163e-01 -6.33832474e-02
  -3.25977169e-02 -2.15850695e-02 -8.61923126e-03 -4.20484550e-02]];[[34  0  0 16]
 [14 36  0  0]
 [ 0  0 50  0]
 [ 3  0  2 45]],{'l1_ratio': 0.0},0.8940605807688785,[[ 9.54892592e-01  7.41157437e-02 -9.16899007e-02  4.47716838e-01
  -1.41538321e-01  1.24763596e-01 -2.22993490e-01 -1.37611807e-01
  -7.19096384e-01 -1.46093864e-02 -8.59409786e-01 -5.38583614e-01
   1.05758160e-01  1.15797954e-01 -8.41611740e-02 -1.38084272e-01
  -9.37637667e-01 -2.32164716e-01 -6.96552383e-01 -2.99110207e-01
   2.77995549e-01 -6.59563224e-02 -1.52370382e-01 -1.27085746e-01
   7.14237461e-01  3.16854837e-02  1.36828105e-01 -6.75093056e-01
  -1.75467708e-01  6.16344138e-02  8.68515289e-02  2.45030844e-02
   6.84376364e-01 -1.06808499e-01 -1.97824839e-01 -4.45391331e-01
  -2.05744120e-01 -1.92136180e-01  1.79100509e-01  1.54859532e-02
  -6.43804941e-02 -1.90453706e-01 -2.10335116e-01 -2.11964495e-01
  -7.13509757e-02 -1.48854421e-01 -1.74444133e-01  1.28126412e-01
   1.79698178e+00 -6.94374027e-02  1.05352690e-01  1.71685558e+00
  -1.08835029e-01 -7.49451860e-02 -1.05127060e-01 -2.79438301e-01
  -1.16703927e+00 -1.77518385e-01 -5.16846274e-01 -9.87994988e-01
  -1.33473430e-02  4.94063732e-02 -9.70500538e-02 -1.76986989e-01
  -4.18672100e-01 -1.51604792e-01 -2.10990328e-01 -2.82903410e-01
  -2.71773444e-02  1.16798931e-01 -1.89907144e-01 -6.05233821e-02
   1.96758352e+00  1.20335971e+00  2.59133562e-01  5.03977704e+00
  -2.21128559e-01 -5.60876637e-02 -4.03044327e-02 -7.67492759e-02
  -2.79120999e-01 -2.74182435e-01  9.66227645e-02 -6.39775399e-01
  -1.76854894e-01 -3.21491110e-01 -1.10361243e-02 -1.26005203e-01
  -1.93011911e-01 -3.04893958e-01 -1.33684486e-01  1.26174635e-01
  -1.22447164e-01  1.00536865e-01 -6.97607646e-02 -5.06089573e-02]
 [-1.96169055e+00 -2.66739202e-01 -2.59504130e-01 -2.74141862e-01
  -2.70286783e-01 -1.38179299e-01 -4.74461399e-01 -3.28150328e-01
   9.47904896e-01  8.65730800e-02  1.54743140e+00  3.51716800e-01
  -8.41433898e-02 -4.20533909e-02 -1.97445293e-01  4.73024383e-01
  -1.58309629e-01  5.92802406e-01  1.63499496e+00 -1.37595315e-01
  -1.17879096e-01 -2.81224291e-02 -1.08003710e-01 -1.79862348e-01
  -3.06604990e-01  8.42176623e-01  9.22301622e-02  3.40701970e+00
  -4.08193455e-01 -1.90247678e-01 -1.19102026e-01 -2.79821374e-01
  -1.05808381e+00 -3.05222007e-01  1.08848681e+00 -2.78423943e-01
  -2.83657307e-01 -1.06400603e-01 -2.51132394e-01 -2.10770688e-01
   7.50997972e-01  7.43809472e-01  2.26601543e+00  3.26409908e-01
  -1.82761069e-02  4.47703608e-02  2.61292886e-02  1.14966191e-01
  -3.66711967e+00 -2.87493321e-02 -2.64768411e-01 -9.15499915e-01
  -3.64491509e-01 -3.36395050e-02 -9.32809502e-02 -3.51252298e-01
   1.33966451e+00  1.74721369e+00  1.98921869e+00  1.06044538e+00
  -1.28876957e-01 -4.86417765e-02 -1.54256278e-01 -1.76954515e-01
   7.96293827e-01  3.96982516e-01  8.70974498e-01  2.45338209e-01
  -6.44036613e-02 -5.83553266e-02 -1.69198442e-01 -6.65668583e-02
  -1.58647930e+00 -7.94478070e-01 -1.49941580e-01 -1.98840826e+00
  -5.52163261e-01 -2.01267527e-01 -2.09129187e-01 -6.71987271e-01
  -9.49408838e-01 -6.54412806e-01  1.48140448e-01 -6.33767979e-01
  -3.34798657e-01 -3.86590845e-01 -2.76359386e-01 -6.25124569e-01
  -1.01987138e-01  7.40597581e-01  9.08698018e-01  3.69110650e-01
  -1.13104092e-01 -1.43494031e-02  1.16621540e-02 -2.89591601e-01]
 [-6.96424007e-01  3.06827745e-01  5.01609667e-01 -1.23875764e-01
   6.34643949e-01  1.94229671e-01  9.76642327e-01  9.16572067e-01
  -1.94716818e+00 -7.44695503e-01 -6.07090517e-01 -6.86132655e-02
   1.74846044e-01  1.02775672e-01  1.53374741e-01  1.39554927e-01
   2.30031255e+00 -8.76981400e-03 -1.09951497e-01  6.93396424e-01
   6.72577669e-02  1.51053002e-01  2.95526088e-01  2.93648989e-01
  -4.60021770e-01 -1.37201676e-01 -3.44113294e-02 -1.56729341e+00
   7.65042049e-01  1.07051105e-01  2.59352883e-01  4.52132521e-01
  -8.24138833e-01 -7.75076501e-01 -3.12149659e-01 -3.75502949e-02
   4.88341550e-01  3.04374425e-01  4.32596830e-01  2.95332127e-01
   7.28007462e-02 -1.97851843e-01 -1.33191036e+00  4.45795591e-01
   8.67704605e-02  5.89801773e-03  3.57173103e-01 -8.77580512e-02
  -3.57188781e+00  1.37718829e-01  1.37915794e-01 -1.41528755e+00
   5.70616285e-01  1.92863444e-01  2.90061400e-01  7.23867739e-01
  -1.47772175e+00 -1.33009724e+00 -1.16468491e+00 -5.07284531e-01
   2.75207664e-01  1.08450003e-01  3.20394457e-01  2.63484588e-01
  -8.20313716e-02 -1.67042489e-01 -2.68365332e-01  1.82635328e-01
   5.26521954e-03 -1.03786304e-02  4.67308418e-01  1.45199592e-01
  -2.49018668e-01  5.73276444e-01  3.17403098e-02 -2.54454040e+00
   8.25646874e-01  2.79280891e-01  2.07517309e-01  1.08331986e+00
  -6.11046874e-01 -4.21399663e-02  5.16803520e-02  2.82366046e-01
   8.35818610e-01  8.87321226e-01  4.24008051e-01  1.13018857e+00
   1.08773392e+00 -2.25124148e-01 -5.60098980e-01  4.03964113e-02
   1.73951744e-01  3.56147029e-02  1.31184042e-01  4.21789329e-01]
 [ 1.70322196e+00 -1.14204287e-01 -1.50415636e-01 -4.96992119e-02
  -2.22818845e-01 -1.80813967e-01 -2.79187438e-01 -4.50809932e-01
   1.71835967e+00  6.72731810e-01 -8.09310992e-02  2.55480079e-01
  -1.96460814e-01 -1.76520235e-01  1.28231726e-01 -4.74495039e-01
  -1.20436526e+00 -3.51867876e-01 -8.28491080e-01 -2.56690902e-01
  -2.27374219e-01 -5.69742504e-02 -3.51519958e-02  1.32991052e-02
   5.23892997e-02 -7.36660430e-01 -1.94646938e-01 -1.16463323e+00
  -1.81380885e-01  2.15621591e-02 -2.27102386e-01 -1.96814232e-01
   1.19784628e+00  1.18710701e+00 -5.78512310e-01  7.61365569e-01
   1.05987641e-03 -5.83764304e-03 -3.60564945e-01 -1.00047392e-01
  -7.59418224e-01 -3.55503923e-01 -7.23769958e-01 -5.60241005e-01
   2.85662224e-03  9.81860421e-02 -2.08858259e-01 -1.55334552e-01
   5.44202570e+00 -3.95320940e-02  2.14999267e-02  6.13931879e-01
  -9.72897474e-02 -8.42787528e-02 -9.16533900e-02 -9.31771406e-02
   1.30509650e+00 -2.39598065e-01 -3.07687512e-01  4.34834137e-01
  -1.32983363e-01 -1.09214600e-01 -6.90881256e-02  9.04569163e-02
  -2.95590356e-01 -7.83352353e-02 -3.91618837e-01 -1.45070127e-01
   8.63157862e-02 -4.80649745e-02 -1.08202833e-01 -1.81093515e-02
  -1.32085547e-01 -9.82158088e-01 -1.40932293e-01 -5.06828370e-01
  -5.23550543e-02 -2.19257002e-02  4.19163105e-02 -3.34583311e-01
   1.83957671e+00  9.70735207e-01 -2.96443564e-01  9.91177332e-01
  -3.24165060e-01 -1.79239271e-01 -1.36612541e-01 -3.79058794e-01
  -7.92734869e-01 -2.10579475e-01 -2.14914552e-01 -5.35681696e-01
   6.15995111e-02 -1.21802165e-01 -7.30854314e-02 -8.15887706e-02]];[[ 94   0   0   6]
 [  4  89   2   5]
 [  0   0 100   0]
 [  3   2   1  94]],{'l1_ratio': 0.12},0.869472573918308,[[ 2.15627622e-01  0.00000000e+00  0.00000000e+00  5.21665865e-01
  -8.57798537e-02  0.00000000e+00 -5.42428964e-01 -1.51572621e-01
  -1.24083685e+00 -2.84247738e-01 -1.72905969e+00  0.00000000e+00
  -8.59972118e-03  0.00000000e+00 -2.18655344e-01 -3.29126657e-02
  -1.87082079e+00 -3.21277541e-01 -4.94144336e-01 -5.27439562e-01
   6.26975677e-01  2.44449036e-02 -1.56744513e-01 -1.53162542e-01
   2.04734269e+00  0.00000000e+00  0.00000000e+00 -8.53239218e-01
  -8.70026585e-02  0.00000000e+00  0.00000000e+00 -3.49049836e-02
   5.49944135e-01  2.62537405e-02 -6.16207674e-01 -4.86434785e-01
  -4.06636342e-01  0.00000000e+00  0.00000000e+00  0.00000000e+00
  -2.39921297e-01 -2.90550055e-04 -4.61765207e-02  0.00000000e+00
   1.60243467e-02 -1.71551211e-01  0.00000000e+00  2.48791782e-01
   3.02670946e+00  0.00000000e+00 -9.86442606e-03  2.22337440e+00
   0.00000000e+00 -4.94741371e-03 -8.66724889e-03  0.00000000e+00
  -1.42733377e+00  0.00000000e+00 -2.44775239e-01 -1.50344193e+00
   0.00000000e+00  1.23855143e-01 -1.53480474e-01  0.00000000e+00
  -6.15135101e-01 -1.41289468e-02 -1.58293546e-01 -2.66267696e-01
   0.00000000e+00  1.82475904e-01 -1.78514898e-01  0.00000000e+00
   2.70638223e+00  1.33166964e+00  7.96662680e-02  7.68527346e+00
  -2.45675193e-01  2.25309594e-01 -4.09238301e-03  4.21838801e-01
  -1.40897337e-01  0.00000000e+00  4.68293399e-01 -1.93711305e+00
  -4.42325335e-01 -4.52742439e-01  0.00000000e+00  0.00000000e+00
   1.30965236e-01 -5.56116753e-01  0.00000000e+00 -4.41436703e-01
   0.00000000e+00  7.97900943e-03  0.00000000e+00  0.00000000e+00]
 [-2.39942865e+00 -5.98778388e-01 -3.44216604e-01 -8.86513567e-02
  -5.12090173e-01 -6.89910203e-02 -7.71265211e-01 -3.06990015e-01
   1.41709027e+00 -2.60809338e-01  3.02791175e+00  1.95792379e-01
  -1.01159224e-01  0.00000000e+00 -8.33173749e-02  6.67740132e-01
  -4.24477807e-01  7.57499245e-01  2.51561626e+00 -5.16117910e-01
  -2.18501303e-01  0.00000000e+00 -7.17155267e-02 -1.83230276e-01
  -1.82642203e-01  1.46593916e+00 -5.63996346e-02  5.07154018e+00
  -3.88844586e-01 -2.65114839e-01 -9.47171758e-03 -5.06303059e-01
  -2.47876567e+00 -3.39815749e-01  2.07753762e+00 -5.66386373e-01
  -5.28043877e-01 -1.56115857e-02 -3.52294703e-01 -9.43712852e-02
   7.93627199e-01  9.96196617e-01  3.46596611e+00  5.73101619e-01
   0.00000000e+00  0.00000000e+00  0.00000000e+00  2.40836545e-01
  -4.67573658e+00  0.00000000e+00 -2.66507595e-01 -8.10521440e-01
  -4.22157335e-01 -2.63542736e-03  0.00000000e+00 -4.53537629e-01
   2.53776508e+00  2.65677584e+00  3.39728443e+00  1.81412586e+00
  -2.17779219e-01  0.00000000e+00 -1.68925577e-01 -2.37498556e-01
   1.04842519e+00  3.70393140e-01  1.42563631e+00  2.63690900e-01
  -5.02664714e-02 -1.51176773e-02 -2.04315386e-01  0.00000000e+00
  -2.53000019e+00 -6.71306455e-01 -3.32126109e-02 -1.50872793e+00
  -7.63945374e-01 -2.30471392e-01 -1.99140512e-01 -9.86974550e-01
  -1.76683846e+00 -9.52368511e-01  2.45205945e-01 -1.34367668e+00
  -3.61257436e-01 -5.91651704e-01 -4.16133158e-01 -9.65525844e-01
  -4.25095717e-01  8.99130587e-01  1.33985488e+00  4.41776714e-01
  -1.46470047e-01  0.00000000e+00 -2.60029799e-02 -5.44008107e-01]
 [-7.47982670e-01  1.16730925e+00  5.94630638e-01 -5.00604507e-02
   1.09759537e+00  5.23617170e-01  1.51932849e+00  1.27999134e+00
  -3.38404055e+00 -1.56979231e+00 -7.77163782e-01 -6.09376292e-01
   3.15791878e-01  2.09372112e-01  2.57174709e-01  0.00000000e+00
   3.69718979e+00  0.00000000e+00 -6.71883284e-01  1.22436086e+00
   1.77307462e-01  0.00000000e+00  3.65024140e-01  3.72490100e-01
  -1.01665876e+00 -1.90699777e-01  2.25377990e-01 -2.59564581e+00
   8.89224267e-01  2.51409483e-01  2.82744636e-01  1.28965363e+00
  -1.65828536e+00 -1.25466220e+00 -2.29049462e-01  0.00000000e+00
   1.28318148e+00  3.28347166e-01  8.47218746e-01  2.73206522e-01
   0.00000000e+00 -9.87830934e-02 -2.18496103e+00  1.84919309e-01
   0.00000000e+00  0.00000000e+00  3.17078206e-01 -1.04015936e-01
  -5.59317408e+00  0.00000000e+00  1.92341264e-01 -2.28188498e+00
   5.59365501e-01  1.92879135e-01  1.86151478e-01  9.66626024e-01
  -2.58271316e+00 -2.64789217e+00 -1.78865791e+00 -7.46999846e-01
   5.86634818e-01  5.14073980e-02  3.72606639e-01  2.28584379e-01
  -1.14678211e-01  0.00000000e+00 -4.27369422e-01  4.91375122e-02
   6.81214808e-03  0.00000000e+00  6.18474371e-01  0.00000000e+00
   0.00000000e+00  7.91010993e-01  1.38710675e-01 -4.38018136e+00
   1.22430642e+00  3.49129696e-01  3.93753745e-01  1.72680258e+00
  -4.94201680e-01 -1.79699994e-01 -1.08846116e-03  1.41034148e-01
   1.36354172e+00  1.42370580e+00  5.61504055e-01  1.78475835e+00
   1.29387779e+00 -3.45535101e-01 -9.98740945e-01  1.08784618e-01
   3.58390766e-02  1.38807426e-01  3.26964442e-01  8.19465212e-01]
 [ 2.93178386e+00 -3.24111980e-01 -1.69158464e-01 -1.10226805e-01
  -2.26998085e-01 -4.12266627e-01  0.00000000e+00 -5.48701452e-01
   3.20778713e+00  2.38757664e+00 -2.48961022e-01  3.49557657e-01
   0.00000000e+00 -2.45655200e-01  4.47980100e-02 -5.51177791e-01
  -1.12916394e+00 -4.21227730e-01 -1.07686138e+00  0.00000000e+00
  -5.85781836e-01 -1.37487577e-01  0.00000000e+00  0.00000000e+00
  -5.75314476e-01 -1.21906632e+00  0.00000000e+00 -1.34992789e+00
  -1.40649767e-01  0.00000000e+00 -2.13771077e-01 -4.75718335e-01
   3.58710690e+00  1.56822421e+00 -9.59553231e-01  1.22250964e+00
  -7.57740051e-02 -2.98341848e-01 -4.65819467e-01 -4.52132526e-02
  -4.47098882e-01 -6.24404129e-01 -9.62101308e-01 -9.70966957e-01
  -1.60746629e-01  1.05991236e-01 -2.22951191e-01 -3.85612391e-01
   7.24220120e+00 -1.35713464e-01  8.40306882e-02  8.69032014e-01
   0.00000000e+00  0.00000000e+00  0.00000000e+00 -3.25143148e-01
   1.47228186e+00  0.00000000e+00 -1.09112403e+00  4.36315914e-01
  -1.69281712e-01 -2.21070608e-01  0.00000000e+00  0.00000000e+00
  -4.58846229e-02 -1.77645746e-01 -5.67246086e-01 -4.65607159e-02
   0.00000000e+00 -5.58273422e-02  0.00000000e+00  0.00000000e+00
  -1.43540235e-01 -1.45137418e+00 -1.85164335e-01 -1.52363692e+00
   0.00000000e+00 -3.43967897e-01  0.00000000e+00 -1.16166683e+00
   2.67466472e+00  1.38278525e+00 -7.12412124e-01  3.13975557e+00
  -2.87231695e-01 -1.06584401e-01  0.00000000e+00 -7.17977929e-01
  -9.99747304e-01  2.52129745e-03 -1.58541107e-01 -1.09124629e-01
   5.15866402e-02 -2.19284742e-01 -4.73033948e-02 -1.83525533e-01]];[[186   0   0  14]
 [ 12 175   0  13]
 [  0   0 200   0]
 [ 27   0   0 173]],{'l1_ratio': 0.96},0.9187891332879703,[[ -1.38553342   0.           0.           0.           0.
    0.           0.           0.          -5.68750763   0.
  -10.54125187   0.           0.           0.           0.
    0.           0.           0.           0.           0.
    0.           0.           0.           0.           7.4859631
    0.           0.           0.           0.           0.
    0.           0.           0.           0.           0.
    0.           0.           0.           0.           0.
    0.           0.           0.           0.           0.
    0.           0.           0.           4.26622357   0.
    0.           0.67742544   0.           0.           0.
    0.           0.           0.           0.           0.
    0.           0.           0.           0.           0.
    0.           0.           0.           0.           0.
    0.           0.           7.42427089   5.68981381   0.
   31.4025701    0.           0.           0.           0.
    0.           0.           0.          -0.33405862   0.
    0.           0.           0.           0.           0.
    0.           0.           0.           0.           0.
    0.        ]
 [  0.           0.           0.           0.           0.
    0.           0.           0.           0.           0.
   31.11060517   0.           0.           0.           0.
    0.           0.           0.          10.64035124   0.
    0.           0.           0.           0.           0.
    0.           0.          18.50192539   0.           0.
    0.           0.           0.           0.           9.29491995
    0.           0.           0.           0.           0.
    0.           0.          23.36607984   0.           0.
    0.           0.           0.          -6.54800032   0.
    0.           0.           0.           0.           0.
    0.           0.           0.          26.13486646   0.
    0.           0.           0.           0.           0.
    0.           0.           0.           0.           0.
    0.           0.           0.           0.           0.
    0.           0.           0.           0.           0.
   -0.22200178   0.           0.           0.           0.
    0.           0.           0.           0.           0.
    0.           0.           0.           0.           0.
    0.        ]
 [  0.           0.           0.           0.           0.
    0.           0.69002448   0.         -17.00677963   0.
    0.           0.           0.           0.           0.
    0.          12.99428961   0.           0.           0.
    0.           0.           0.           0.           0.
    0.           0.          -5.23033643   0.           0.
    0.           0.           0.           0.           0.
    0.           0.           0.           0.           0.
    0.           0.         -17.23695188   0.           0.
    0.           0.           0.         -15.1773904    0.
    0.          -2.98339386   0.           0.           0.
    0.          -8.68591507  -9.24163568  -4.08663433   0.
    0.           0.           0.           0.           0.
    0.           0.           0.           0.           0.
    0.           0.           0.           0.           0.
  -14.32197611   0.           0.           0.           0.
    0.           0.           0.           0.           0.
    0.           0.           0.           0.           0.
    0.           0.           0.           0.           0.
    0.        ]
 [ 14.53835492   0.           0.           0.           0.
    0.           0.           0.          26.83637684   2.38060617
    0.           0.           0.           0.           0.
    0.           0.           0.           0.           0.
    0.           0.           0.           0.           0.
   -5.06585675   0.           0.           0.           0.
    0.           0.           5.94856214   5.1092833   -0.37181866
    7.67416862   0.           0.           0.           0.
    0.           0.           0.           0.           0.
    0.           0.           0.          17.4592028    0.
    0.           0.           0.           0.           0.
    0.           6.17985072   0.          -0.71138549   0.
    0.           0.           0.           0.           0.
    0.           0.           0.           0.           0.
    0.           0.           0.         -11.05994675   0.
   -3.15377185   0.           0.           0.           0.
   19.01655012   0.           0.          24.23390626   0.
    0.           0.           0.           0.           0.
    0.           0.           0.           0.           0.
    0.        ]];[[280   0   0 220]
 [ 68 431   0   1]
 [  0   0 500   0]
 [  0   0   0 500]],{'l1_ratio': 0.3},0.9148296977842318,[[-1.15480456e+00  4.46198587e-01 -7.66997776e-01  0.00000000e+00
   0.00000000e+00  2.89650400e-01 -7.60967568e-01  0.00000000e+00
  -3.85135182e+00 -8.08579589e-01 -3.73381272e+00 -1.59914077e-02
   0.00000000e+00  6.12221149e-01  0.00000000e+00  1.07986635e-02
   0.00000000e+00  0.00000000e+00  1.32815644e-01 -1.64756311e+00
   6.40663425e-01 -1.91966473e-02 -4.83456918e-01 -2.03873711e-01
   3.57863377e+00  1.47305642e+00  0.00000000e+00  0.00000000e+00
   8.82443905e-02 -1.51232683e-02  8.69790540e-01  0.00000000e+00
   1.94743925e+00 -1.00380900e+00 -1.75439599e+00 -3.33574833e+00
  -9.28108093e-02 -3.36016031e-01  1.49596549e+00  1.58215030e-01
   1.35313996e+00 -3.54303347e-01 -7.79149682e-02  0.00000000e+00
   0.00000000e+00 -4.62103687e-02  0.00000000e+00  6.49725884e-02
   2.84979697e+00 -3.56705252e-01  0.00000000e+00  2.25602365e+00
  -8.77979541e-03 -8.41285858e-01  0.00000000e+00 -9.98218564e-02
  -4.45368104e+00  0.00000000e+00 -1.62958251e-01 -2.61228763e+00
   0.00000000e+00 -1.61440012e-02  0.00000000e+00 -6.35535967e-01
  -1.42700158e+00 -3.49901803e-01 -2.40135187e-01 -3.65534150e-01
   0.00000000e+00  0.00000000e+00 -1.47809903e-01 -2.61082939e-02
   8.81577850e+00  4.54901500e+00  6.99725377e-01  1.82936400e+01
  -2.04594414e-01  0.00000000e+00  0.00000000e+00  1.23207553e+00
  -1.16422181e+00  4.58887919e-01 -1.52615498e+00 -2.66222324e+00
   0.00000000e+00 -1.39059300e+00  0.00000000e+00  0.00000000e+00
  -1.07488775e+00 -9.43649104e-01  1.83933965e-01  1.42534762e+00
   0.00000000e+00  0.00000000e+00 -4.03253688e-01 -3.41932280e-01]
 [-1.75320489e+00 -9.43397162e-01 -2.12656438e-01  1.45548399e+00
  -1.18973437e+00  0.00000000e+00 -1.86808104e+00 -7.88723501e-01
   3.92892174e+00 -9.17852611e-01  8.88367429e+00  1.78000704e-02
   0.00000000e+00  0.00000000e+00 -7.14391290e-01  6.35848590e-01
  -2.49221238e+00  1.95684505e+00  5.24735936e+00 -1.51008628e+00
  -4.03459879e-01  0.00000000e+00 -7.45746686e-01 -8.65225565e-01
   0.00000000e+00  2.67339429e+00 -4.55344661e-01  9.14412582e+00
  -1.39353132e+00 -8.09072667e-01  0.00000000e+00 -1.84497994e+00
  -4.38254954e+00 -2.18985766e+00  6.61374733e+00 -1.66566228e+00
  -2.04531610e+00 -4.75446281e-01 -1.73060630e+00 -8.37489662e-01
   2.35166596e+00  2.17615300e+00  9.03358245e+00  8.30756100e-01
   0.00000000e+00  0.00000000e+00  0.00000000e+00  6.93689194e-01
  -7.54121552e+00  0.00000000e+00 -8.11294039e-01  5.48901460e-01
  -9.77607037e-01  0.00000000e+00  0.00000000e+00 -9.61021045e-01
   3.09241684e+00  3.41583928e+00  9.18748869e+00  1.42896482e+00
  -7.92518198e-01  0.00000000e+00 -9.13833683e-01 -1.11754036e+00
   2.76526705e+00  7.69187098e-01  3.29704344e+00  4.47720953e-02
  -1.34883897e-01 -3.44667775e-02  0.00000000e+00 -1.98786425e-01
  -3.37413282e+00 -8.28532149e-01  0.00000000e+00 -8.58835102e-01
  -2.69481063e+00 -3.37863640e-01 -3.02023891e-01 -2.66919155e+00
  -5.24982539e+00 -3.07394633e+00  4.03822472e+00 -4.33964169e+00
  -1.19021962e+00 -2.03222792e+00 -6.22258852e-01 -3.51255427e+00
  -1.40736153e+00  2.57668458e+00  3.69558160e+00  2.99818076e-01
  -6.92291556e-01  0.00000000e+00  0.00000000e+00 -2.19573180e+00]
 [-2.12948528e+00  2.47343940e+00  1.20609495e+00  0.00000000e+00
   2.13026167e+00  8.77467328e-01  3.13153747e+00  3.66527651e+00
  -8.46980958e+00 -2.76733177e+00 -1.01114397e+00 -6.04969579e-01
   9.63423075e-01  0.00000000e+00  2.36397157e-01  5.03110181e-02
   7.54509016e+00 -3.31914477e-01 -2.18256179e+00  2.35542942e+00
   6.96185001e-01  0.00000000e+00  1.63038163e+00  3.97936080e-01
  -1.91783883e+00 -1.12807977e-01  1.87735892e-01 -5.91392487e+00
   1.86647605e+00  6.61794775e-01  2.69134616e-01  3.63561931e+00
  -4.26263522e+00 -2.32780563e+00 -1.47710199e+00  0.00000000e+00
   3.08181563e+00  9.30845612e-01  2.41293916e+00  1.98943653e+00
  -9.90147951e-01 -6.58659227e-01 -6.82993660e+00  6.43359901e-02
   0.00000000e+00  0.00000000e+00  3.40198221e-01 -3.89762870e-01
  -9.97738378e+00  8.44332774e-02  0.00000000e+00 -4.69936619e+00
   1.36056877e+00  5.64397808e-01  7.75035470e-03  2.42578884e+00
  -3.36351736e+00 -5.32604524e+00 -4.80988286e+00 -1.46436502e+00
   1.72375725e+00  6.16872034e-01  1.55082084e+00  1.33855256e+00
  -4.44165827e-01 -9.30977723e-02 -1.35386968e+00  0.00000000e+00
   0.00000000e+00  0.00000000e+00  1.28836536e+00  5.11108337e-02
  -1.08082482e+00  1.84220265e+00  2.91931203e-01 -9.65452391e+00
   2.95921998e+00  7.75307109e-01  0.00000000e+00  3.88685023e+00
  -1.63194823e+00 -1.75380562e+00  0.00000000e+00 -5.05454957e-01
   2.48932992e+00  3.64620069e+00  1.83763204e+00  4.69293108e+00
   4.39215597e+00 -1.75729191e+00 -3.25237548e+00 -1.30989532e-01
   8.60693663e-01  1.65547681e-01  3.46270272e-01  3.03014849e+00]
 [ 5.89463320e+00 -1.97624082e+00  0.00000000e+00 -1.09109310e+00
  -9.56143536e-02 -1.44717316e+00  0.00000000e+00 -2.03152295e+00
   8.39223968e+00  5.35090348e+00 -3.28157787e+00  6.03164387e-01
  -1.47789134e+00 -8.93928252e-01  2.02253292e-01 -1.55409649e+00
  -4.56514179e+00 -1.11948805e+00 -3.19761031e+00  8.02220015e-01
  -9.33388544e-01  0.00000000e+00  0.00000000e+00  6.71163195e-01
  -1.28917293e+00 -4.03364269e+00  0.00000000e+00 -2.77681476e+00
  -5.61189066e-01  1.62401166e-01 -1.14949617e+00 -1.04976239e+00
   6.69774553e+00  6.37861202e+00 -2.52510957e+00  5.43727680e+00
  -8.65490790e-02  0.00000000e+00 -2.17829832e+00 -1.31016190e+00
  -2.71465789e+00 -3.06050784e-01 -1.26859110e+00 -1.52161541e+00
   0.00000000e+00  4.11844862e-01 -3.36979782e-01 -3.68898884e-01
   1.46688023e+01  0.00000000e+00  8.68771232e-01  1.03730300e+00
   0.00000000e+00  0.00000000e+00  0.00000000e+00 -5.07806156e-01
   4.72478159e+00  1.86541811e+00 -3.35750784e+00  2.64768811e+00
  -4.77627707e-01  0.00000000e+00  0.00000000e+00  4.14523834e-01
  -3.69598797e-02  0.00000000e+00 -8.45898788e-01  0.00000000e+00
   0.00000000e+00  5.94348584e-02 -3.78308512e-01  1.73784041e-01
  -3.50368134e+00 -5.56268549e+00 -1.39625827e+00 -6.92314125e+00
   0.00000000e+00  0.00000000e+00  1.38204651e-01 -2.44973421e+00
   8.90313520e+00  4.36886461e+00 -2.33684574e+00  8.36445939e+00
  -4.81133959e-01  0.00000000e+00 -4.82353680e-01 -9.89350147e-01
  -1.05276698e+00  1.24256542e-01 -6.27137928e-01 -1.59417650e+00
   0.00000000e+00 -9.16545510e-02  0.00000000e+00  0.00000000e+00]];[[ 655    0    0  345]
 [  47  941    0   12]
 [   0    0 1000    0]
 [   2    0    0  998]],{'l1_ratio': 0.7000000000000001},0.9355321269223694,[[-4.15983098e+00  0.00000000e+00 -1.74789829e-02  5.10443375e+00
  -1.90043933e+00  0.00000000e+00 -6.67547344e-01  0.00000000e+00
  -1.28165517e+00 -2.85317095e+00 -1.01187949e+01 -9.86083067e-01
   0.00000000e+00  0.00000000e+00  0.00000000e+00  0.00000000e+00
   0.00000000e+00  0.00000000e+00  0.00000000e+00 -2.23701999e+00
   0.00000000e+00  0.00000000e+00  0.00000000e+00 -3.37137396e-01
   6.62345573e+00  3.59559626e+00  0.00000000e+00 -2.09645968e-01
   0.00000000e+00  0.00000000e+00  7.97508992e-01  0.00000000e+00
  -1.57291128e+00  0.00000000e+00 -6.71078942e+00 -5.66960785e+00
   0.00000000e+00  0.00000000e+00  2.34276804e+00  0.00000000e+00
   2.91818858e+00  0.00000000e+00  2.20114941e+00  0.00000000e+00
   0.00000000e+00  0.00000000e+00  0.00000000e+00  1.12430066e+00
   4.26292921e+00  1.82522340e+00  0.00000000e+00  0.00000000e+00
   0.00000000e+00  0.00000000e+00  0.00000000e+00  0.00000000e+00
  -5.61462636e+00  0.00000000e+00 -5.12930628e-01 -1.12361343e+00
   0.00000000e+00  0.00000000e+00  0.00000000e+00  0.00000000e+00
  -1.68828024e+00  0.00000000e+00  0.00000000e+00  0.00000000e+00
   0.00000000e+00  6.95192356e-01  0.00000000e+00  0.00000000e+00
   1.14195760e+01  8.99330660e+00  5.75064309e-01  2.75718569e+01
   0.00000000e+00 -1.27665427e+00  0.00000000e+00  4.80295762e-02
  -2.53535552e+00  0.00000000e+00 -1.83996609e+00 -5.22664231e+00
  -8.43624011e-01 -2.79392490e+00  0.00000000e+00  2.48454801e+00
   3.02024012e+00 -5.50434209e-01  3.06582736e-01  2.26150468e+00
   0.00000000e+00  0.00000000e+00  0.00000000e+00  0.00000000e+00]
 [-2.95550121e+00 -8.86777171e-01  0.00000000e+00  0.00000000e+00
  -2.03692460e+00  0.00000000e+00 -2.13161314e+00  0.00000000e+00
   3.88066409e+00  0.00000000e+00  2.36370895e+01  0.00000000e+00
   0.00000000e+00  0.00000000e+00 -5.63419614e-01  0.00000000e+00
  -9.10582192e-01  3.05259804e+00  1.00511271e+01 -1.33368632e+00
   0.00000000e+00  0.00000000e+00  0.00000000e+00 -1.98874613e-01
   0.00000000e+00  1.00515367e+00  0.00000000e+00  1.27750818e+01
  -1.80008518e+00 -1.14430412e+00  0.00000000e+00 -1.65967696e+00
  -5.63477424e+00 -4.48191857e+00  1.30885549e+01 -1.18774939e+00
  -1.58606109e+00  0.00000000e+00 -9.19428769e-01  0.00000000e+00
   2.05982061e+00  3.43998358e+00  1.46077463e+01  1.53748762e+00
   0.00000000e+00  0.00000000e+00  0.00000000e+00  0.00000000e+00
  -9.89206962e+00  0.00000000e+00 -1.20338812e+00  3.34938136e+00
  -2.09225859e+00  0.00000000e+00  0.00000000e+00  0.00000000e+00
   9.59844630e-01  2.42980942e+00  1.95642365e+01  0.00000000e+00
  -1.75651303e-01  0.00000000e+00  0.00000000e+00 -6.34484354e-02
   3.82755743e+00  4.65712236e-01  5.29200032e+00  0.00000000e+00
   0.00000000e+00  0.00000000e+00  0.00000000e+00  0.00000000e+00
  -3.32816416e+00  0.00000000e+00  0.00000000e+00  0.00000000e+00
  -3.85851706e+00  0.00000000e+00  0.00000000e+00 -4.85410209e+00
  -6.38976363e+00 -6.53168517e+00  8.61368224e+00 -5.70401035e+00
  -6.97456433e-01 -2.97743930e+00 -9.54847054e-01 -2.65956209e+00
  -7.78882200e-01  4.34118476e+00  3.75319913e+00  0.00000000e+00
   0.00000000e+00  0.00000000e+00  0.00000000e+00 -3.27576756e+00]
 [ 0.00000000e+00  4.95849134e+00  2.13949601e+00  0.00000000e+00
   5.02624597e+00  2.49121029e-01  4.55078126e+00  4.67443077e+00
  -1.43688414e+01 -6.42636094e+00 -4.44141449e+00  0.00000000e+00
   4.39278630e-01  0.00000000e+00  0.00000000e+00  0.00000000e+00
   9.19409466e+00  0.00000000e+00 -3.22394553e+00  2.86884210e+00
   0.00000000e+00  0.00000000e+00  0.00000000e+00  0.00000000e+00
  -3.23919257e+00  0.00000000e+00  0.00000000e+00 -8.68345170e+00
   3.43420938e+00  8.18213920e-01  0.00000000e+00  3.96187175e+00
  -3.08443076e+00 -4.53887348e+00  0.00000000e+00  0.00000000e+00
   4.04584571e+00  0.00000000e+00  2.13936312e+00  1.35022652e+00
  -6.05888996e-01 -1.35075577e+00 -1.25630981e+01  0.00000000e+00
   0.00000000e+00  0.00000000e+00  1.37817755e+00  0.00000000e+00
  -1.54791329e+01  0.00000000e+00  0.00000000e+00 -7.37979454e+00
   3.48896907e+00  0.00000000e+00  0.00000000e+00  2.45956743e+00
  -5.01111280e+00 -8.71184350e+00 -1.07221711e+01 -5.19301122e-01
   2.08044168e+00  0.00000000e+00  0.00000000e+00  0.00000000e+00
   0.00000000e+00  0.00000000e+00 -1.53729988e+00  0.00000000e+00
   0.00000000e+00  0.00000000e+00  9.95300714e-01  0.00000000e+00
   0.00000000e+00  2.72123467e-01  0.00000000e+00 -1.50750330e+01
   3.75078450e+00  1.85134406e+00  1.26469851e-01  7.23445048e+00
  -2.70927774e+00  0.00000000e+00  0.00000000e+00 -4.18800795e-01
   3.93354546e+00  7.01146276e+00  2.74594843e+00  2.82773572e+00
   2.42630737e+00 -3.43926622e+00 -3.70570169e+00  0.00000000e+00
   0.00000000e+00  0.00000000e+00  5.96567726e-01  2.88311291e+00]
 [ 1.15174687e+01 -1.12107038e+00  0.00000000e+00 -6.65674123e+00
   0.00000000e+00 -1.84572957e+00  0.00000000e+00 -3.88185060e+00
   1.17698367e+01  1.34680483e+01 -4.41921194e+00  3.09721571e-01
   0.00000000e+00  0.00000000e+00  0.00000000e+00 -1.96430880e-01
  -5.61689727e+00 -1.08611878e+00 -3.87541556e+00  7.02058371e-01
  -2.00961002e-01  0.00000000e+00  0.00000000e+00  1.22362540e+00
  -1.84350301e+00 -7.24606147e+00  0.00000000e+00  0.00000000e+00
  -1.93103902e-01  0.00000000e+00 -1.13640948e+00  0.00000000e+00
   1.49498016e+01  9.85352904e+00 -3.32840818e+00  1.04662765e+01
   0.00000000e+00  0.00000000e+00 -3.56263052e+00 -1.21676885e+00
  -4.37204279e+00  0.00000000e+00 -4.24502755e+00 -2.74116917e+00
   0.00000000e+00  0.00000000e+00 -6.44221897e-01 -1.20207699e+00
   2.11082853e+01 -1.24102845e+00  0.00000000e+00  2.53329555e+00
   0.00000000e+00  0.00000000e+00  0.00000000e+00  0.00000000e+00
   9.66589037e+00  3.22409476e+00 -3.67139988e+00  3.79121567e+00
   0.00000000e+00  0.00000000e+00  0.00000000e+00  0.00000000e+00
   0.00000000e+00  0.00000000e+00 -9.12443263e-01  0.00000000e+00
   0.00000000e+00  0.00000000e+00  0.00000000e+00  1.85914651e-01
  -5.02348054e+00 -1.12186983e+01 -3.35870982e+00 -1.04933339e+01
   0.00000000e+00  0.00000000e+00  0.00000000e+00 -2.42782931e+00
   1.62921104e+01  8.11010432e+00 -2.26756427e+00  1.60071876e+01
   0.00000000e+00  0.00000000e+00  0.00000000e+00 -2.65267413e+00
  -4.66785116e+00  0.00000000e+00 -3.53260155e-01 -3.01417522e+00
   0.00000000e+00 -3.29474869e-01  0.00000000e+00  0.00000000e+00]];[[2138    2    0  360]
 [  13 2485    0    2]
 [   0    0 2500    0]
 [ 231    0    5 2264]],{'l1_ratio': 0.9},0.9455264398339697,[[-14.22011486  -3.93414879   0.           0.           0.
    0.           0.           0.          -8.40652137   3.16743869
  -18.41079136  -5.23511566   0.           0.           0.
    0.          -0.58236662   0.           0.           0.
   12.50609395   0.           0.          -1.43666018  22.86830575
    2.40721859   0.          -7.08037755   0.           0.
    0.           0.          10.96217171   0.28529295   0.
  -12.9168194    0.           0.           0.           0.
    2.19750061   0.           7.53951692   0.           0.
    0.           0.           0.           9.13593737   0.74895206
   -1.20588402   0.           0.           0.           0.
    1.33710036 -11.40068477   0.           0.         -10.99345187
    0.           0.           0.           0.          -4.05462005
    0.           0.          -4.85863776   0.           5.23283854
    0.           0.          15.53418366  23.00417857   0.
   22.89744831   0.           0.          -1.40236705   6.89096733
    0.          -1.5632224    0.         -10.05387398   0.
   -4.68227378 -10.02451462   4.7126829   12.45804681   0.
    0.           0.           0.           0.           0.
    4.62735449]
 [  0.           0.           0.           0.          -0.11078384
    0.           0.           0.           5.60873556   0.
   39.64885775   0.           0.           0.           0.
    0.           0.           0.75643908  15.15386855   0.
    0.           0.           0.           0.           0.
    0.30558547   0.          18.52160974  -2.12364558   0.
    0.           0.         -14.94735455   0.          31.1371332
    0.           0.           0.           0.           0.
    1.14397338   3.32353548  27.37542722   0.           0.
    0.           0.           0.         -12.54532307   0.
    0.           0.          -0.83893394   0.           0.
    0.           0.           0.          31.44334419   0.
    0.           0.           0.           0.           6.92042438
    0.           8.24521091   0.           0.           0.
    0.           0.          -6.2815742   -1.00241879   0.
    4.21088279  -2.59159372   0.           0.          -8.1036451
  -11.31616538  -9.12296975  12.67761053 -12.11389794   0.
   -1.57414818   0.          -6.27094317   0.           7.7123842
    6.27918204   0.           0.           0.           0.
    0.        ]
 [  0.           4.86183784   1.82743942   0.           6.2569438
    0.           6.416913     6.80981766 -19.6010321  -10.02299447
   -7.35213117   0.           0.           0.           0.
    0.          16.53985934   0.          -2.42530714   3.48830699
    0.           0.           0.           0.           0.
    0.           0.          -8.35197999   6.28382014   0.
    0.           1.56478707  -3.81429938 -11.74685639   0.
    0.           0.9197644    0.           0.2596979    0.
    0.          -0.97435629 -26.09758559   0.           0.
    0.           0.           0.         -25.40338161   0.
    0.         -13.05343455   6.31783631   0.           0.
    1.07505599 -14.3822257  -12.05337023 -17.60875765   0.
    0.           0.           0.           0.           0.
    0.          -2.63820384   0.           0.           0.
    0.           0.           0.           1.50152344   0.
  -19.3354545    3.83165487   0.72918489   0.          10.97866641
   -6.56876613   0.           0.           0.           4.51131103
   11.33627744   3.42493672   3.73718164   0.          -4.79353683
   -9.18265753   0.           0.           0.           0.
    0.        ]
 [ 26.55578425   0.           0.          -1.61214517   0.
    0.           0.          -4.24744909  22.39882572   4.89589986
    0.           8.9597753    0.           0.           0.
   -2.87704026   0.           0.          -3.49193958   0.
  -11.12875255   0.           0.           3.90024716  -8.47444997
  -11.07136726   0.           0.           0.           0.
   -0.25650752   0.           7.79949167   7.68828182 -27.3128637
   21.04111674   0.           0.           0.           0.
   -7.1553628    0.          -8.81662079  -5.94220678   0.
    0.           0.           0.          28.81276894  -3.69590271
    1.84242232   6.77782802   0.           0.           0.
   -4.29532005  29.25890774   8.03559256 -11.36279057  23.87940042
    0.           0.           0.           0.           0.
    0.           0.           0.70810054   0.          -1.76744082
    0.           0.          -2.37114928 -23.50328647   0.
   -7.77200603   0.           0.           0.          -9.76596421
   18.88388402  21.5139646   -8.86082737  33.25804102   0.
    0.           0.          -2.17878836 -14.46323263   0.
    0.          -3.15342743   0.           0.           0.
   -6.11899546]];