[[ 8  0  0  2]
 [ 0  9  0  1]
 [ 0  0 10  0]
 [ 0  0  0 10]],{'C': 39.810717055349734},0.8816833378752884,[[-3.24812754e+00  2.46249414e-01 -6.12118230e-01 -1.20531130e+00
  -7.45431830e-01  5.75066589e-01 -8.42615346e-01 -5.30531772e-01
  -2.94422013e+00 -1.44687728e+00 -3.16208687e+00  1.40892998e+00
  -1.22696417e-01  2.38550465e-01 -5.70907124e-01 -5.88966867e-01
  -1.84663332e+00 -2.76851436e-01 -3.17187890e-02  6.95003621e-01
   7.40415091e-01  1.19489809e-01 -5.75171001e-01 -1.04495874e+00
   5.42105735e+00  1.93667752e+00  9.17133806e-01 -9.88039302e-01
  -1.60008362e-01 -5.19414715e-01  8.60236819e-01  1.68672998e-01
  -5.13809639e-01 -6.52069513e-01 -2.07993619e+00 -1.72233448e+00
  -8.96928427e-01  2.05252974e-01  1.51913860e+00  3.22803673e-01
  -2.93752891e-01 -8.01210170e-01 -7.61097955e-01  2.32947858e-01
   5.09561908e-01 -6.14000160e-01 -3.97300331e-01  4.36063042e-01
   5.76258139e+00  1.16953923e+00 -1.15100337e+00 -3.80271313e-01
  -7.32913953e-01 -5.90353337e-01 -8.84332401e-02  6.08291384e-01
  -3.61225862e+00  8.10296448e-01  9.47440430e-01 -2.62092906e+00
   3.13198379e-02  2.05677643e-01 -3.84707909e-01  6.75918359e-01
  -1.49190977e+00 -3.17052514e-01 -1.07478434e+00 -6.64621648e-01
   2.55212693e-01 -2.47945477e-01 -4.27290959e-01 -3.77705606e-01
   4.46239164e+00  4.78377025e+00  2.67474557e-01  1.37370221e+01
  -6.90554482e-01 -2.33882295e-01  4.45894146e-02  1.87945199e+00
  -9.42123253e-01 -4.43762106e-01  6.97435773e-01 -2.81865285e+00
  -9.09926074e-01 -1.29742342e+00  3.20756424e-01  4.00999230e-01
  -1.78796928e+00 -1.01604837e+00  1.14911431e+00 -6.74865543e-01
   8.74458897e-01 -4.16704970e-01 -3.41452793e-01  2.61549239e-01]
 [-4.21479851e+00 -1.53831252e+00 -7.58703920e-01  6.38745493e-01
  -1.19146270e+00 -1.50024436e-01 -1.52254719e+00 -8.26910892e-01
   2.14218232e+00 -1.79218883e+00  6.80861226e+00  9.62373528e-01
  -6.33973775e-01 -3.48656446e-02 -5.71800245e-01  1.20867178e+00
  -1.40839757e+00  1.52862210e+00  4.63316113e+00 -1.72828629e+00
  -5.65815901e-01  1.29517051e-01 -1.04994672e-01 -7.88119387e-01
  -1.25690280e+00  1.66104477e+00 -6.19606366e-01  8.04037272e+00
  -1.09099318e+00 -8.35485005e-01 -1.50499230e-01 -1.61288005e+00
  -3.08390873e+00 -8.48224996e-01  6.00760027e+00 -1.88651094e+00
  -1.35901157e+00 -6.06066566e-01 -1.22939957e+00 -1.11396914e+00
   1.90845846e+00  2.18089854e+00  6.59875079e+00  1.78684660e+00
  -1.44985314e-02  1.37708574e-01  2.85198126e-01  5.04189789e-01
  -6.77750275e+00  3.25362785e-01 -3.31108717e-01  1.23198496e+00
  -1.38783723e+00 -1.88197355e-02 -9.14653512e-02 -1.13542727e+00
   3.09731567e+00  2.76682427e+00  7.07063366e+00  1.85131794e+00
  -1.00457469e+00 -4.20966551e-01 -7.70620738e-01 -5.04610649e-01
   2.21544600e+00  7.94680223e-01  2.83310775e+00  1.05903211e+00
  -2.04199840e-01 -3.01002003e-01 -5.88935412e-01 -1.13184491e-01
  -3.57476772e+00 -1.48717730e+00  1.06593100e-01 -2.07535497e+00
  -1.75527526e+00 -9.92260998e-01 -4.77223794e-01 -3.01664004e+00
  -2.76576415e+00 -1.95025219e+00  1.07696874e+00 -2.89662617e+00
  -5.41236059e-01 -1.32567848e+00 -1.15062801e+00 -2.38271483e+00
  -1.25537772e+00  2.67529273e+00  3.19539317e+00  1.84424040e-02
  -5.54006075e-01 -2.00090694e-01 -2.79973380e-01 -1.60451317e+00]
 [-1.05246747e+00  2.60419533e+00  1.34339223e+00 -2.67751839e-01
   2.21618294e+00  4.72421355e-01  2.66399061e+00  2.49545274e+00
  -6.01371150e+00 -2.65211092e+00 -1.50665060e+00 -6.56174809e-01
   1.58156567e+00  3.28916173e-01  5.18021300e-01  4.52785178e-01
   6.47179341e+00 -9.76484436e-02 -1.50677687e+00  2.33133100e+00
   9.64001962e-01  1.02741087e-01  1.00828824e+00  1.07742094e+00
  -7.47233685e-01 -2.67204716e-01 -8.35633299e-02 -5.75592161e+00
   1.73232205e+00  6.90331292e-01  3.20088731e-01  2.68410958e+00
  -2.45774417e+00 -1.52976958e+00 -1.25019108e+00 -2.76396438e-02
   3.02629855e+00  6.12729825e-01  1.83091076e+00  1.48036216e+00
  -7.02668917e-01 -9.01586071e-01 -4.54881826e+00 -1.19527133e-01
   8.64208142e-02  7.07124643e-02  4.77062438e-01 -3.76539168e-01
  -8.59183791e+00 -1.28713092e-01 -2.09719366e-01 -4.76496550e+00
   1.55098596e+00  6.83773393e-01  3.66443479e-01  1.44128368e+00
  -3.31765447e+00 -4.50347862e+00 -3.92728453e+00 -1.65829798e+00
   1.92444866e+00  8.08674747e-01  1.14162362e+00  1.19561263e+00
  -5.64462367e-01 -8.20840306e-02 -1.13389058e+00  4.29843217e-01
   3.17095519e-01  7.99171655e-02  1.02704606e+00  3.51529063e-01
  -2.38649338e-01  1.17853604e+00  7.57375606e-01 -8.48160957e+00
   1.98550580e+00  1.41342267e+00  6.42162716e-01  3.76983015e+00
  -1.62942899e+00 -1.65171476e+00  2.28803575e-01 -1.01898369e+00
   2.09772865e+00  2.79615889e+00  1.38712661e+00  3.10896845e+00
   3.48415222e+00 -1.71171628e+00 -2.29292911e+00  7.51091209e-01
   5.71519583e-01  8.32659297e-01  5.67410204e-01  1.97024359e+00]
 [ 8.51539352e+00 -1.31213222e+00  2.74299240e-02  8.34317644e-01
  -2.79288411e-01 -8.97463508e-01 -2.98828067e-01 -1.13801007e+00
   6.81574930e+00  5.89117703e+00 -2.13987480e+00 -1.71512869e+00
  -8.24895482e-01 -5.32600993e-01  6.24686069e-01 -1.07249009e+00
  -3.21676252e+00 -1.15412222e+00 -3.09466547e+00 -1.29804833e+00
  -1.13860115e+00 -3.51747947e-01 -3.28122562e-01  7.55657182e-01
  -3.41692087e+00 -3.33051758e+00 -2.13964110e-01 -1.29641181e+00
  -4.81320515e-01  6.64568428e-01 -1.02982632e+00 -1.23990253e+00
   6.05546254e+00  3.03006409e+00 -2.67747300e+00  3.63648506e+00
  -7.70358550e-01 -2.11916233e-01 -2.12064979e+00 -6.89196696e-01
  -9.12036648e-01 -4.78102298e-01 -1.28883458e+00 -1.90026733e+00
  -5.81484191e-01  4.05579122e-01 -3.64960233e-01 -5.63713663e-01
   9.60675927e+00 -1.36618892e+00  1.69183146e+00  3.91325186e+00
   5.69765219e-01 -7.46003211e-02 -1.86544888e-01 -9.14147795e-01
   3.83259742e+00  9.26357901e-01 -4.09078956e+00  2.42790909e+00
  -9.51193802e-01 -5.93385838e-01  1.37050279e-02 -1.36692034e+00
  -1.59073868e-01 -3.95543679e-01 -6.24432819e-01 -8.24253675e-01
  -3.68108372e-01  4.69030315e-01 -1.08196937e-02  1.39361034e-01
  -6.48974575e-01 -4.47512900e+00 -1.13144326e+00 -3.18005751e+00
   4.60323933e-01 -1.87279377e-01 -2.09528337e-01 -2.63264210e+00
   5.33731640e+00  4.04572905e+00 -2.00320809e+00  6.73426271e+00
  -6.46566516e-01 -1.73056989e-01 -5.57255027e-01 -1.12725285e+00
  -4.40805226e-01  5.24719199e-02 -2.05157837e+00 -9.46680701e-02
  -8.91972406e-01 -2.15863633e-01  5.40159687e-02 -6.27279657e-01]];[[37  0  0 13]
 [ 8 42  0  0]
 [ 0  0 50  0]
 [ 2  0  0 48]],{'C': 100.0},0.9749682202521587,[[-2.31660295e-01  5.76096057e-01 -2.00539331e+00  4.33394509e+00
  -1.78602917e+00  1.78926260e+00 -7.91434728e-01  1.99287857e+00
  -9.44988041e+00  9.90947252e-01 -1.40073238e+01 -5.76912769e+00
   1.41592066e+00  1.54367753e+00  4.02664028e-01  1.06312376e+00
  -1.15426935e+00  2.11894765e-01 -3.18736417e+00 -2.23446641e+00
   3.59179714e+00 -7.07619678e-01 -1.59544047e+00 -1.81814001e+00
   9.82349143e+00  5.52524358e+00  5.23537482e-01 -3.42142676e+00
  -1.79803469e+00  7.03589785e-01  1.36620281e+00  1.28676660e+00
   7.13888762e+00 -1.04255799e+00 -5.20365025e+00 -9.33972905e+00
  -2.16577810e+00 -2.50934187e+00  2.83978885e+00  1.11024574e+00
   5.19487336e+00  1.94280711e-02  4.50583459e+00 -2.30160827e-01
  -1.52344280e+00 -1.28317540e+00 -1.64267121e+00  1.91115367e+00
  -5.74243957e-01 -8.26931684e-01 -3.13219308e-01  6.32591649e+00
  -1.45084559e+00 -1.15954329e+00 -1.31198559e+00 -1.61313395e+00
  -7.51417465e+00  2.82249371e-01 -5.68553986e+00 -5.55080091e+00
  -1.46998119e-01 -1.21385126e-02 -1.96030416e-01 -1.54989502e+00
  -3.10882671e+00 -1.37546605e+00 -1.96511835e-01 -2.91442065e+00
  -6.89724117e-01  2.09390585e+00 -2.34882819e+00 -8.61569305e-01
   1.07457004e+01  1.46958951e+01  3.98233145e+00  3.11222058e+01
  -2.32727664e+00 -2.26453958e+00 -8.21492060e-01  6.56498312e-01
  -2.62093621e+00 -3.70807560e+00 -6.16330522e-01 -4.73098927e+00
  -1.06697184e+00 -3.94850354e+00 -1.38128429e+00  1.01562928e+00
   1.92462214e+00 -4.35153170e-01  1.64984153e+00  4.56457091e+00
  -1.61932066e+00  7.92434365e-01 -1.37187672e+00  1.08619108e+00]
 [-5.90429139e+00 -1.74071939e+00 -2.36058411e+00  5.66287878e-01
  -3.36019431e+00 -2.28460680e-01 -4.08073634e+00 -4.04144759e+00
   7.03913505e+00 -2.04384379e+00  2.14680227e+01 -5.56623071e-01
   2.15761033e-01  4.08058099e-01 -2.26860755e+00  2.24124566e+00
  -3.63959808e+00  4.51030203e+00  1.09273862e+01 -9.40006894e-01
  -1.03133943e+00 -4.22867229e-01 -4.97019644e-01 -2.14984769e+00
  -2.56069481e+00  1.59142394e+00  3.81430346e-01  1.42940844e+01
  -4.20869783e+00 -2.25519691e+00 -2.61073731e-01 -2.70182241e+00
  -8.58390576e+00 -3.23160285e+00  1.77722398e+01 -3.40257348e+00
  -2.55961917e+00 -1.83366819e+00 -2.33501207e+00 -2.76688562e+00
   4.54314863e+00  4.89570072e+00  1.62306595e+01  2.01567465e+00
   1.76833075e-01 -3.89150731e-01 -9.58931204e-02 -2.87159743e-01
  -9.36428504e+00  2.54847167e+00 -1.87691816e+00  1.86641284e+00
  -3.95654699e+00  2.46129878e-01 -4.49667441e-01 -3.72651587e+00
  -1.28488147e+00  5.39221548e+00  1.80315543e+01 -3.52754545e+00
  -1.48991239e+00 -3.99426899e-01 -2.04302657e+00 -1.90342276e+00
   5.86646304e+00  2.57744374e+00  6.39657456e+00  1.92614865e+00
  -5.62726642e-01 -9.40289542e-01 -1.13966833e+00 -8.15560442e-02
  -2.90783143e+00 -5.05228274e+00 -5.69005330e-01 -2.41398692e+00
  -5.31096944e+00 -1.78887663e+00 -1.78665817e+00 -6.04916857e+00
  -6.44934490e+00 -7.03586704e+00  4.68658326e+00 -8.36381918e+00
  -2.87625029e+00 -3.70916381e+00 -2.03568040e+00 -5.70771292e+00
  -3.02373371e+00  5.84888191e+00  6.07490298e+00  2.19433219e+00
  -6.60872340e-01  1.06029690e-01  8.18926246e-01 -2.52672323e+00]
 [-2.85420151e+00  2.84772270e+00  4.18363750e+00 -3.18885545e-01
   5.68763950e+00  8.51901070e-01  7.35824873e+00  7.11410591e+00
  -1.28071624e+01 -6.22580687e+00 -4.64978944e+00  1.47291660e+00
   1.37608284e+00  3.87882700e-01  7.77303659e-01  5.76225361e-01
   1.31274157e+01 -2.36136837e+00 -4.10566579e+00  3.93024999e+00
   8.23050766e-01  1.35820424e+00  2.21561858e+00  1.87144344e+00
  -3.13056531e+00 -2.01685140e-01 -3.33688818e-01 -7.37410266e+00
   6.34440617e+00  9.06493725e-01  2.02144865e+00  3.59400630e+00
  -5.57199164e+00 -7.50729547e+00 -2.64425364e+00 -7.42740887e-01
   3.67549832e+00  2.00161879e+00  3.52336758e+00  2.64809658e+00
  -1.84194732e+00 -3.38183062e+00 -1.45983630e+01  2.40303044e+00
   5.65757083e-01 -3.30890386e-01  2.50285131e+00 -7.99030066e-01
  -1.65246040e+01  9.02905556e-01  1.23017435e+00 -7.72643010e+00
   5.35182078e+00  1.64560932e+00  2.41558884e+00  4.91128818e+00
  -7.79826545e+00 -8.19142282e+00 -1.00276222e+01 -1.72758380e+00
   2.52006514e+00  1.06363180e+00  2.69640744e+00  1.98225313e+00
  -2.36920685e+00 -2.19616146e+00 -3.34285745e+00  3.85976044e-01
   9.33070488e-02  1.37523910e-02  3.87659043e+00  9.23365786e-01
  -1.20312440e+00  4.63527960e+00  4.26725035e-01 -1.41914901e+01
   5.97284319e+00  2.36335665e+00  1.79690319e+00  8.27076330e+00
  -6.29577355e+00 -7.68796222e-01  4.73767916e-01 -1.23257397e-01
   5.75042576e+00  7.16819824e+00  3.98597550e+00  7.17969533e+00
   6.53536052e+00 -4.19128963e+00 -6.04686576e+00 -1.19249409e+00
   1.64546816e+00  4.79561729e-01  9.80690797e-01  2.77695532e+00]
 [ 8.99015319e+00 -1.68309936e+00  1.82339928e-01 -4.58134743e+00
  -5.41416027e-01 -2.41270299e+00 -2.48607766e+00 -5.06553689e+00
   1.52179078e+01  7.27870341e+00 -2.81090948e+00  4.85283416e+00
  -3.00776453e+00 -2.33961833e+00  1.08863986e+00 -3.88059478e+00
  -8.33354829e+00 -2.36082843e+00 -3.63435622e+00 -7.55776691e-01
  -3.38350848e+00 -2.27717329e-01 -1.23158467e-01  2.09654426e+00
  -4.13223131e+00 -6.91498238e+00 -5.71279011e-01 -3.49855497e+00
  -3.37673653e-01  6.45113402e-01 -3.12657773e+00 -2.17895049e+00
   7.01700978e+00  1.17814563e+01 -9.92433587e+00  1.34850434e+01
   1.04989894e+00  2.34139127e+00 -4.02814436e+00 -9.91456699e-01
  -7.89607466e+00 -1.53329818e+00 -6.13813111e+00 -4.18854427e+00
   7.80852646e-01  2.00321652e+00 -7.64286978e-01 -8.24963856e-01
   2.64631330e+01 -2.62444555e+00  9.59963120e-01 -4.65899226e-01
   5.55718080e-02 -7.32195911e-01 -6.53935806e-01  4.28361637e-01
   1.65973216e+01  2.51695796e+00 -2.31839228e+00  1.08059302e+01
  -8.83154621e-01 -6.52066388e-01 -4.57350460e-01  1.47106465e+00
  -3.88429479e-01  9.94183763e-01 -2.85720527e+00  6.02295961e-01
   1.15914371e+00 -1.16736869e+00 -3.88093911e-01  1.97595631e-02
  -6.63474458e+00 -1.42788920e+01 -3.84005115e+00 -1.45167288e+01
   1.66540289e+00  1.69005956e+00  8.11247038e-01 -2.87809304e+00
   1.53660547e+01  1.15127389e+01 -4.54402066e+00  1.32180659e+01
  -1.80720362e+00  4.89469106e-01 -5.69010803e-01 -2.48761169e+00
  -5.43624895e+00 -1.22243911e+00 -1.67787876e+00 -5.56640901e+00
   6.34724837e-01 -1.37802578e+00 -4.27740320e-01 -1.33642317e+00]];[[ 97   0   1   2]
 [  0 100   0   0]
 [  0   0 100   0]
 [  0   0   0 100]],{'C': 83.17637711026708},0.9137880854756167,[[-9.32815122e+00 -9.37802188e-01 -2.33726001e-01  1.25551798e+00
  -1.31246651e+00  3.41106299e+00 -6.93507625e+00  2.08789104e-01
  -8.37460884e+00 -2.59424412e+00 -2.18957143e+01  7.09730565e+00
  -2.89108465e+00  3.05946765e+00 -4.40077752e+00  7.15042120e-01
  -7.68032555e+00 -1.56262081e+00  3.39540171e+00 -3.11053176e+00
   1.09613100e+01  3.53217016e+00 -2.07044747e+00 -2.68709815e+00
   1.06806418e+01  5.15572448e+00  2.33530202e-01 -5.07917486e+00
  -4.86363252e-01  6.59676891e-01  1.24167573e+00 -4.94447893e-01
   5.37124325e+00  1.97250899e+00 -1.05029006e+01 -7.83416660e+00
  -4.76133358e+00  3.92351559e+00  2.93559184e+00  2.87210343e-01
   1.41599169e+00  1.48954557e+00  5.51815423e+00  5.47657813e+00
   8.90391812e-01 -2.00919551e+00 -5.61809644e-01  5.93243087e+00
   3.73523895e+00 -8.44046917e-01 -2.80814008e+00  7.91711869e+00
   1.14844003e+00 -2.83383058e+00 -1.51032353e+00  3.14090808e+00
  -6.59272047e+00  5.73252760e+00 -5.05766412e+00 -1.09083317e+01
   5.15942428e-01  3.39471619e+00 -2.78100809e+00  8.35113550e-01
  -5.79365666e+00 -1.02551219e+00  3.54684686e-01 -2.50342099e+00
  -1.61825089e+00  2.98751360e+00 -2.70144503e+00 -1.10254963e+00
   1.20352482e+01  7.53203420e+00  2.71591131e+00  2.57911363e+01
  -2.53638960e+00  4.43850931e+00 -1.23331758e+00  1.20100264e+01
   3.59823055e+00  8.89199494e-01  3.66902807e+00 -2.14819003e+01
  -5.43013566e+00 -4.68321365e+00 -2.06215859e+00  3.42243726e+00
   5.11464261e+00 -5.88585705e+00  2.38497448e+00 -3.44693939e+00
  -7.48500884e-01  2.18874770e+00 -7.98352381e-01  1.54387930e+00]
 [-4.67384606e+00 -3.82420920e+00 -2.52274818e+00  6.03709917e-01
  -4.44946619e+00  2.27141152e-02 -4.47568520e+00 -2.90863787e+00
   4.53807655e+00 -6.51272795e+00  2.52369066e+01 -3.40876794e+00
   4.06593943e-02 -4.62155622e-02 -5.87934934e-01  2.74018842e+00
  -4.96475417e+00  4.83006217e+00  1.15227550e+01 -3.44985921e+00
  -2.50195200e+00  1.41260385e-01 -7.84047650e-01 -2.34311850e+00
  -4.44120379e-01  4.74013195e+00 -2.54354435e+00  1.17777447e+01
  -3.17286929e+00 -2.57392608e+00 -3.95569329e-01 -3.38758504e+00
  -1.36937268e+01 -1.87527600e+00  2.11218734e+01 -4.96318333e+00
  -3.51623896e+00 -1.31979808e+00 -3.38206540e+00 -1.13666844e+00
   3.19739465e+00  5.08099042e+00  1.65674493e+01  2.85358517e+00
   1.69481963e+00 -1.11533404e+00 -4.52526610e-01  1.23192624e+00
  -1.01845736e+01  2.95158099e+00 -2.43241222e+00 -3.01209985e-01
  -3.80693130e+00  3.42796669e-01 -7.23823962e-02 -3.31881461e+00
   4.81407479e+00  3.16405878e+00  2.30353539e+01  3.67455002e-01
  -2.18685274e+00 -4.93407873e-01 -2.10512829e+00 -2.29609365e+00
   6.11785612e+00  2.27661296e+00  7.24864284e+00  2.41613549e+00
  -1.06072981e+00 -1.29902421e+00 -1.79067817e+00 -5.46968038e-01
  -7.83827754e+00 -1.38215222e+00  4.05901829e-01  5.05659662e+00
  -4.96125411e+00 -2.39014381e+00 -1.16656732e+00 -6.11095356e+00
  -8.53464817e+00 -6.77770400e+00  6.15901530e+00 -9.46465892e+00
  -2.52360434e+00 -4.00851644e+00 -2.96819797e+00 -7.02799426e+00
  -5.60150844e+00  6.45548498e+00  6.80271552e+00  3.53348666e+00
  -1.22801943e+00 -2.24374648e-01 -1.68602676e-01 -3.31194908e+00]
 [-3.07767432e+00  6.24749039e+00  3.78818014e+00 -4.54357940e-01
   6.09410851e+00  2.87696864e+00  8.06890754e+00  6.85352043e+00
  -1.30607227e+01 -8.82680901e+00 -3.33781830e+00 -2.84404764e+00
   1.59216508e+00  1.45222551e+00  1.71823133e+00 -5.98475036e-01
   1.35334799e+01 -1.25931101e+00 -8.35737570e+00  4.82332880e+00
   1.78472330e+00  6.19826698e-01  2.21606798e+00  2.19794765e+00
  -4.14641094e+00 -3.65479418e-02  1.42758794e+00 -7.40846896e+00
   5.01940829e+00  1.80430067e+00  2.20326560e+00  7.25968039e+00
  -9.30126235e+00 -7.62270761e+00 -1.01761001e+00 -8.62982836e-01
   6.90000154e+00  2.25884283e+00  4.78952534e+00  1.72364935e+00
  -2.01989232e+00 -2.94120480e+00 -1.52082782e+01  3.98553883e-01
   6.33264229e-01  3.01784483e-01  1.82107220e+00 -1.46867503e+00
  -1.74339091e+01  8.21845517e-01  2.20976924e+00 -8.82761434e+00
   3.21295746e+00  1.42715030e+00  1.74210974e+00  5.06413440e+00
  -8.85728171e+00 -1.09893022e+01 -8.67503536e+00 -1.05378708e+00
   3.50327324e+00  8.40054987e-01  2.30553252e+00  1.67947983e+00
  -3.42945117e+00 -1.08482260e+00 -3.47976657e+00 -4.36812537e-01
   6.35349354e-01  2.20199002e-01  3.96385936e+00  1.51734216e-01
   9.96751463e-01  5.47920868e+00  1.40169478e+00 -1.70399859e+01
   6.17696943e+00  2.58487324e+00  2.65256097e+00  9.13756914e+00
  -4.62067954e+00 -1.94985908e+00 -7.53254813e-02  1.81170759e-02
   6.98677283e+00  7.64115348e+00  3.24621337e+00  8.86247961e+00
   4.76248809e+00 -4.98124926e+00 -7.63310342e+00 -1.19741960e+00
   6.63265763e-01  1.39744455e+00  1.95355833e+00  4.20790829e+00]
 [ 1.70796716e+01 -1.48547900e+00 -1.03170596e+00 -1.40486996e+00
  -3.32175809e-01 -6.31074575e+00  3.34185391e+00 -4.15367167e+00
   1.68972550e+01  1.79337811e+01 -3.37397928e-03 -8.44490073e-01
   1.25826018e+00 -4.46547759e+00  3.27048112e+00 -2.85675550e+00
  -8.88400190e-01 -2.00813035e+00 -6.56078102e+00  1.73706217e+00
  -1.02440813e+01 -4.29325725e+00  6.38427133e-01  2.83226900e+00
  -6.09011044e+00 -9.85930848e+00  8.82426210e-01  7.09899144e-01
  -1.36017575e+00  1.09948522e-01 -3.04937199e+00 -3.37764745e+00
   1.76237459e+01  7.52547463e+00 -9.60136276e+00  1.36603328e+01
   1.37757100e+00 -4.86256034e+00 -4.34305178e+00 -8.74191251e-01
  -2.59349402e+00 -3.62933119e+00 -6.87732537e+00 -8.72871718e+00
  -3.21847567e+00  2.82274506e+00 -8.06735942e-01 -5.69568208e+00
   2.38832437e+01 -2.92937959e+00  3.03078306e+00  1.21170564e+00
  -5.54466193e-01  1.06388361e+00 -1.59403820e-01 -4.88622788e+00
   1.06359274e+01  2.09271585e+00 -9.30265445e+00  1.15946638e+01
  -1.83236293e+00 -3.74136330e+00  2.58060386e+00 -2.18499724e-01
   3.10525171e+00 -1.66278165e-01 -4.12356096e+00  5.24098035e-01
   2.04363135e+00 -1.90868839e+00  5.28263831e-01  1.49778345e+00
  -5.19372210e+00 -1.16290907e+01 -4.52350792e+00 -1.38077470e+01
   1.32067429e+00 -4.63323874e+00 -2.52676071e-01 -1.50366420e+01
   9.55709716e+00  7.83836359e+00 -9.75271788e+00  3.09284421e+01
   9.66967168e-01  1.05057661e+00  1.78414318e+00 -5.25692260e+00
  -4.27562226e+00  4.41162133e+00 -1.55458658e+00  1.11087233e+00
   1.31325455e+00 -3.36181760e+00 -9.86603275e-01 -2.43983851e+00]];[[180   0   0  20]
 [  0 200   0   0]
 [  0   0 200   0]
 [ 17   0   0 183]],{'C': 100.0},0.9596402919373318,[[-1.24031897e+01  8.71571915e-02  1.09949817e+00 -3.98182463e+00
  -5.40031814e+00  5.71283519e+00 -8.09781005e+00 -2.06504357e-01
  -1.48776354e+01  4.48578825e+00 -2.49558247e+01  3.37401518e+00
   4.32808528e+00  4.97542484e+00 -2.87119029e+00  1.20170896e+00
   1.08248434e+00 -1.77001562e+00  2.77227114e+00 -2.53742582e+00
   8.88487248e+00  1.34093036e+00 -2.88805963e+00 -3.80637103e-01
   1.34896005e+01  1.92160869e+01  2.00305598e+00 -3.36697130e+00
  -3.05448803e-01 -3.94225965e+00  5.17894730e+00  1.62016000e+00
   5.50296337e+00  7.11797188e+00 -6.12077945e+00 -1.37833663e+01
  -4.60673576e+00  1.04967892e+00  8.75570608e+00  2.96030900e+00
   7.59043246e+00 -3.01951555e+00 -2.76706325e+00  4.92161401e+00
   2.33381881e+00 -2.66644108e+00 -2.47973329e+00  2.93686152e+00
   7.55981147e+00 -5.13310821e+00 -5.35739495e+00  6.87785725e+00
  -2.39000332e+00 -4.19197015e+00 -1.98641893e+00  5.53750317e+00
  -7.46096865e+00  6.83633185e-01 -2.20191120e+00 -6.34937531e+00
   1.18136616e+00 -3.34068783e-01 -2.15422336e+00  3.63844753e-02
  -7.90522423e+00 -3.23202268e+00 -3.79923852e+00 -2.67035583e+00
  -5.82843070e-01 -3.60254802e+00 -3.70991005e+00 -2.43149022e+00
   1.37628762e+01  1.66636906e+01  3.48101989e+00  3.22680971e+01
  -2.88862715e+00  1.82445900e+00 -2.20581954e+00  1.62532146e+01
  -1.77938890e+00  4.63777738e+00 -2.77929626e+00 -1.90942989e+01
  -1.06627620e+00 -1.02263702e+01  2.30529965e+00  2.17210838e+00
  -4.97269697e+00 -6.40382008e+00  9.43693306e-02  3.67340213e+00
  -1.21782580e+00 -1.51058092e+00 -4.89388451e+00  4.47318541e+00]
 [-5.22673581e+00 -4.27780397e+00 -1.71826991e+00  4.64845732e+00
  -4.52393322e+00  3.20727099e-01 -7.27821779e+00 -8.40249013e-01
   6.87635551e+00 -7.43376355e+00  3.42799756e+01 -8.66219388e-01
   1.06294996e+00 -1.04163298e+00 -3.40924165e+00  2.75896023e-01
  -7.06790602e+00  6.36051675e+00  1.56531928e+01 -2.93830795e+00
  -2.57644296e+00  8.08721330e-01 -1.53494269e+00 -3.77085494e+00
   1.62389754e+00  2.66669598e+00 -2.69921993e+00  1.46447040e+01
  -4.63922932e+00 -3.26868144e+00 -2.22009152e+00 -5.28756255e+00
  -1.00433724e+01 -1.13264716e+01  2.17742123e+01 -2.62352531e+00
  -4.83175287e+00 -2.50753644e+00 -4.98277243e+00 -1.35199446e+00
   3.05939012e+00  6.27744272e+00  2.03890860e+01  3.95804794e+00
  -1.36740555e+00 -9.97613943e-01  9.63248615e-01  1.33308446e+00
  -1.43742257e+01 -1.67046249e-01 -4.82308161e+00  8.33230027e+00
  -3.61253199e+00 -1.49599298e+00 -7.79106425e-01 -4.05617456e+00
   2.97848897e+00  1.71673781e+00  2.76262280e+01 -3.52609948e+00
  -2.43205021e+00  2.36129011e-01 -2.68039105e+00 -3.89606909e+00
   8.82070915e+00  2.28660837e+00  1.00158499e+01  2.20686939e+00
  -1.08250076e+00 -1.17215891e+00  8.48953381e-01 -1.29630482e+00
  -5.61780966e+00  6.87316231e-01  2.35000038e+00  2.65761718e+00
  -8.00561781e+00 -2.11020964e+00 -1.79713360e+00 -9.05891009e+00
  -1.08101087e+01 -1.09283395e+01  1.38453259e+01 -1.21539013e+01
  -2.40407663e+00 -4.83715426e+00 -3.48840744e+00 -6.67605680e+00
  -5.51935871e+00  7.73967935e+00  8.05405602e+00  1.74768186e+00
  -2.01478759e+00  1.64922693e+00 -4.47561020e-01 -6.78241851e+00]
 [-4.01655829e+00  7.71832688e+00  4.67928443e+00 -5.15232970e-01
   7.76473630e+00  2.86433166e+00  1.07441470e+01  7.33838465e+00
  -1.81504253e+01 -9.53007960e+00 -5.29579552e+00  5.51695345e-01
   2.51386607e+00  1.27952517e+00  1.51275186e+00  2.74508670e-01
   1.57242139e+01 -1.40502243e+00 -8.87547850e+00  6.46480351e+00
   3.04507274e+00  8.18728131e-01  3.37513751e+00  1.84131901e+00
  -6.78796417e+00  4.08920273e-01  2.91557968e-01 -9.79279099e+00
   6.45035805e+00  3.03403628e+00  2.47453018e+00  8.60997481e+00
  -7.52328809e+00 -8.93651745e+00 -1.40006518e+00 -1.50459799e+00
   8.75848168e+00  2.16314708e+00  5.54770905e+00  3.14908910e+00
  -1.79215252e+00 -3.57717389e+00 -1.82985896e+01  3.72709174e-02
   1.15616518e+00  7.97502484e-01  3.04590177e+00 -1.45542105e+00
  -2.10190841e+01  3.87655976e-01  2.68152943e+00 -1.19236414e+01
   5.22428565e+00  2.58766793e+00  2.28338299e+00  7.46686905e+00
  -1.13684772e+01 -1.26742646e+01 -1.13845114e+01 -2.01433954e+00
   4.46772269e+00  1.18947076e+00  3.24922890e+00  3.78856544e+00
  -4.20794147e+00 -1.55925328e+00 -4.49123796e+00 -2.72708429e-01
   1.15432738e+00 -2.21540098e-02  4.60463290e+00  3.56086515e-01
   1.24084277e+00  2.92916014e+00  1.42966144e+00 -2.12683460e+01
   7.06095974e+00  3.35496902e+00  3.29221146e+00  9.31865905e+00
  -7.79474650e+00 -3.05218363e+00  2.47945552e-01 -2.18033805e+00
   7.18558430e+00  9.50897587e+00  5.61565978e+00  8.64147558e+00
   8.40145555e+00 -6.23684341e+00 -8.96210345e+00 -2.74555944e+00
   2.01223645e+00  1.40893000e+00  2.58824571e+00  5.14037747e+00]
 [ 2.16464838e+01 -3.52768010e+00 -4.06051269e+00 -1.51399715e-01
   2.15951505e+00 -8.89789395e+00  4.63188080e+00 -6.29163128e+00
   2.61517051e+01  1.24780549e+01 -4.02835535e+00 -3.05949114e+00
  -7.90490131e+00 -5.21331703e+00  4.76768008e+00 -1.75211366e+00
  -9.73879221e+00 -3.18547870e+00 -9.54998548e+00 -9.89069741e-01
  -9.35350226e+00 -2.96837983e+00  1.04786481e+00  2.31017303e+00
  -8.32553392e+00 -2.22917032e+01  4.04605982e-01 -1.48494172e+00
  -1.50567992e+00  4.17690481e+00 -5.43338596e+00 -4.94257227e+00
   1.20636971e+01  1.31450172e+01 -1.42533676e+01  1.79114896e+01
   6.80006941e-01 -7.05289560e-01 -9.32064269e+00 -4.75740364e+00
  -8.85767005e+00  3.19246713e-01  6.76566900e-01 -8.91693287e+00
  -2.12257845e+00  2.86655254e+00 -1.52941710e+00 -2.81452493e+00
   2.78334984e+01  4.91249848e+00  7.49894713e+00 -3.28651608e+00
   7.78249654e-01  3.10029520e+00  4.82142367e-01 -8.94819766e+00
   1.58509569e+01  1.02738936e+01 -1.40398053e+01  1.18898143e+01
  -3.21703864e+00 -1.09153099e+00  1.58538551e+00  7.11191724e-02
   3.29245654e+00  2.50466759e+00 -1.72537346e+00  7.36194869e-01
   5.11016443e-01  4.79686094e+00 -1.74367622e+00  3.37170852e+00
  -9.38590935e+00 -2.02801670e+01 -7.26068170e+00 -1.36573683e+01
   3.83328521e+00 -3.06921838e+00  7.10741673e-01 -1.65129635e+01
   2.03842441e+01  9.34274574e+00 -1.13139752e+01  3.34285383e+01
  -3.71523146e+00  5.55454855e+00 -4.43255199e+00 -4.13752716e+00
   2.09060014e+00  4.90098414e+00  8.13678103e-01 -2.67552455e+00
   1.22037694e+00 -1.54757601e+00  2.75319982e+00 -2.83114437e+00]];[[339   0   0 161]
 [  4 496   0   0]
 [  0   0 500   0]
 [  0   0   0 500]],{'C': 69.18309709189363},0.9251708505673101,[[-7.72238318e+00  5.76866916e+00 -1.12558010e+01 -4.62845837e+00
  -3.13997756e+00  5.70655489e+00 -6.69993459e+00  1.01443951e+00
  -1.07403247e+01 -3.61607669e+00 -1.71372012e+01  1.81104806e+00
   1.22701596e+00  6.97010512e+00 -2.75129213e-01  4.53904221e+00
   9.44015704e+00  2.81526661e+00  7.12459178e+00 -6.68434839e+00
   6.37888260e+00 -2.35271412e+00 -4.18606689e+00 -6.33576195e+00
   9.02191476e+00  1.70415263e+01  4.01263440e+00 -1.75192018e+00
   3.98112372e+00 -3.50870379e+00  9.91696892e+00  4.80204802e-01
   8.06172215e+00 -2.26454176e+00 -1.05259667e+01 -1.83933660e+01
  -1.42889496e+00 -4.14473882e+00  1.64461812e+01  4.18282815e+00
   1.36571334e+01 -2.63217639e+00  9.40115976e-01  5.41389994e+00
  -5.70477319e-01 -1.73196604e+00 -1.96201152e+00  3.48282871e+00
   5.69439435e+00 -4.50234271e+00 -3.66229744e+00  3.94795753e+00
  -4.43839448e+00 -9.05155555e+00 -3.32613007e-01 -2.18789964e-01
  -1.24105568e+01  3.73411410e+00  5.23830609e-01 -7.17292017e+00
   1.35771858e+00 -1.96980495e+00 -8.44097522e-01 -6.34280620e+00
  -1.03906489e+01 -5.09540722e+00 -1.86399964e+00 -3.75814050e+00
  -6.04262606e-01 -2.14618089e+00 -3.23825545e+00 -3.29343168e+00
   2.02833863e+01  2.00739574e+01  6.06882334e+00  3.30411439e+01
  -1.27750177e+00 -3.32312586e+00 -1.55117847e+00  1.28062471e+01
   1.56530590e-01  6.03790389e+00 -1.05555701e+01 -1.43484940e+01
  -4.69357504e+00 -1.03073326e+01 -3.02521566e+00  3.90930677e+00
  -2.32691177e+00 -5.34840711e+00  8.01962512e+00  1.00024956e+01
  -2.10873592e+00 -1.71571776e+00 -6.19373721e+00 -3.59003128e+00]
 [-1.08266583e+00 -2.32031207e+00 -6.55397923e-01  9.24844881e+00
  -5.29788002e+00  2.33691557e+00 -5.23766389e+00 -2.37011999e+00
   1.12640484e+01 -7.16047372e+00  3.29818314e+01 -1.26358449e+00
   3.47529331e+00  7.59227075e-01 -3.83274212e+00  1.57575416e+00
  -9.19845718e+00  7.26584489e+00  1.35262668e+01 -4.91930241e+00
  -2.70958813e+00  1.52421574e+00 -2.36004441e+00 -5.15865724e+00
   1.06809387e+00  5.85785543e+00 -4.37620504e+00  1.30085933e+01
  -6.51950745e+00 -4.31851633e+00 -5.22556633e-01 -5.57049681e+00
  -1.33148000e+01 -8.70500504e+00  2.87543878e+01 -5.04076039e+00
  -7.92505318e+00 -3.02514739e+00 -7.32659063e+00 -3.39208598e+00
   6.93177247e+00  6.92600975e+00  2.50152314e+01  2.85495364e+00
   1.24132355e+00 -6.92138863e-01  8.90012210e-01  2.93261775e+00
  -1.81538413e+01  2.53670595e+00 -5.07287769e+00  2.93366874e+00
  -4.42225772e+00  1.58218592e+00  2.45185365e-01 -3.57846085e+00
   2.67743496e+00  1.20320306e+00  2.83862456e+01 -5.65453503e+00
  -3.66097991e+00  7.19806893e-01 -4.25068492e+00 -4.70369681e+00
   1.00025667e+01  2.99556321e+00  1.08157678e+01  1.23128316e+00
  -2.04620288e+00 -2.22608590e+00  3.43685820e-01 -1.85872695e+00
  -5.33744571e+00 -1.56371179e+00  1.67080290e+00  4.35464906e+00
  -9.39025181e+00 -1.84779672e+00 -1.84423159e+00 -9.28787490e+00
  -1.54366876e+01 -1.45679444e+01  2.22731520e+01 -1.80689791e+01
  -4.21372901e+00 -6.36610329e+00 -9.39042472e-01 -1.23035206e+01
  -5.38424462e+00  1.03112312e+01  9.58543155e+00  9.52580357e-01
  -3.54032738e+00  1.86903135e+00  1.36074246e+00 -7.37526678e+00]
 [-6.45600690e+00  8.30771655e+00  4.49668457e+00 -1.62511218e+00
   7.78904305e+00  2.52455696e+00  9.63856594e+00  1.12101656e+01
  -1.97029321e+01 -9.29724240e+00 -2.89392618e+00 -8.07147414e-01
   3.30003578e+00  4.74552690e-02  9.94901689e-01  1.46673769e+00
   1.72979492e+01 -3.50252337e+00 -7.82763827e+00  6.75261426e+00
   3.44469773e+00  5.07467461e-01  5.52758014e+00  1.67473440e+00
  -5.33276988e+00  3.11241204e-02  1.35952932e+00 -1.09762765e+01
   6.20389525e+00  2.93113906e+00  1.96178120e+00  1.11174746e+01
  -1.05797975e+01 -9.32224948e+00 -4.36596409e+00 -3.26790508e-01
   9.30837176e+00  2.71331556e+00  7.73646891e+00  6.62855630e+00
  -5.14188381e+00 -4.48639861e+00 -2.18207174e+01  4.23177536e-01
   3.93925800e-01 -1.41288063e+00  2.26389847e+00 -2.15354626e+00
  -2.33469616e+01 -1.62064428e-01  5.46926652e-01 -1.38067641e+01
   5.81522658e+00  2.80291414e+00  1.60268964e+00  6.78585376e+00
  -7.40217929e+00 -1.25952974e+01 -1.34861835e+01 -3.21694520e+00
   6.25701973e+00  2.48583140e+00  5.01861114e+00  4.92375773e+00
  -2.73406446e+00 -1.92820196e+00 -5.33164910e+00  1.43859799e-01
   1.05462020e+00  5.35451582e-01  4.75754691e+00  9.16872293e-01
  -4.68255335e+00  5.17886133e+00  2.27937464e+00 -2.08141080e+01
   8.10290405e+00  3.65637355e+00  1.27779810e+00  1.14535346e+01
  -7.85977174e+00 -6.85481817e+00  1.42631471e+00 -5.25486829e+00
   6.37903711e+00  1.10654051e+01  6.80883136e+00  1.16004604e+01
   1.10694630e+01 -7.60191434e+00 -1.04585576e+01 -2.50811471e+00
   3.66780072e+00  2.03495191e+00  2.26117870e+00  8.75740886e+00]
 [ 1.52610559e+01 -1.17560736e+01  7.41451431e+00 -2.99487826e+00
   6.48814540e-01 -1.05680274e+01  2.29903254e+00 -9.85448515e+00
   1.91792085e+01  2.00737928e+01 -1.29507040e+01  2.59683837e-01
  -8.00234505e+00 -7.77678746e+00  3.11296965e+00 -7.58153406e+00
  -1.75396490e+01 -6.57858813e+00 -1.28232203e+01  4.85103654e+00
  -7.11399220e+00  3.21030915e-01  1.01853117e+00  9.81968479e+00
  -4.75723875e+00 -2.29305058e+01 -9.95958670e-01 -2.80396591e-01
  -3.66551151e+00  4.89608106e+00 -1.13561935e+01 -6.02718262e+00
   1.58328753e+01  2.02917963e+01 -1.38624570e+01  2.37609169e+01
   4.55763774e-02  4.45657066e+00 -1.68560595e+01 -7.41929846e+00
  -1.54470220e+01  1.92565261e-01 -4.13462997e+00 -8.69203112e+00
  -1.06477203e+00  3.83698553e+00 -1.19189916e+00 -4.26190020e+00
   3.58064085e+01  2.12770119e+00  8.18824847e+00  6.92513783e+00
   3.04542561e+00  4.66645549e+00 -1.51526200e+00 -2.98860295e+00
   1.71353011e+01  7.65798027e+00 -1.54238928e+01  1.60444004e+01
  -3.95375840e+00 -1.23583334e+00  7.61712951e-02  6.12274528e+00
   3.12214660e+00  4.02804597e+00 -3.62011905e+00  2.38299754e+00
   1.59584528e+00  3.83681521e+00 -1.86297729e+00  4.23528633e+00
  -1.02633873e+01 -2.36891069e+01 -1.00190009e+01 -1.65816850e+01
   2.56484953e+00  1.51454903e+00  2.11761195e+00 -1.49719068e+01
   2.31399288e+01  1.53848587e+01 -1.31438966e+01  3.76723415e+01
   2.52826693e+00  5.60803081e+00 -2.84457323e+00 -3.20624652e+00
  -3.35830658e+00  2.63909026e+00 -7.14649903e+00 -8.44696121e+00
   1.98126259e+00 -2.18826550e+00  2.57181605e+00  2.20788921e+00]];[[ 668    0    0  332]
 [  23  971    0    6]
 [   0    0 1000    0]
 [   1    0    0  999]],{'C': 9.120108393559097},0.9404782203172952,[[-7.82017269e+00 -3.75506813e-01 -3.58877613e+00  7.47148201e+00
  -5.84812286e+00  2.85439120e+00 -3.88212619e+00  1.63165175e+00
  -2.79735801e+00 -6.22497656e+00 -1.48428593e+01 -2.46127649e+00
  -5.45253713e-01  1.32537798e+00 -6.84614782e-01  2.15882382e+00
   4.97921499e-01  5.30204544e-01 -7.77372702e-01 -5.23696370e+00
   2.52561289e+00 -1.71667123e+00 -1.64675931e+00 -3.85583183e+00
   8.83068802e+00  8.86717201e+00  2.51815929e+00 -2.51586892e+00
   1.15927843e+00 -1.35348951e+00  4.62633527e+00  4.97030137e-01
  -3.53285715e+00  2.62631056e+00 -1.11202918e+01 -1.00925923e+01
  -2.12292296e+00 -2.81830792e+00  7.26607232e+00  2.69754209e+00
   7.03104105e+00 -3.30266160e-01  5.76505207e+00  3.35723072e+00
   2.32799842e-03 -2.24963882e+00 -1.98422114e-01  4.78299259e+00
   5.32863568e+00  4.67974360e+00  5.02051879e-01 -8.18730722e-01
  -1.02524633e+00 -1.63807004e+00 -4.16980431e-01 -2.11742314e+00
  -8.34842630e+00  3.18721286e+00 -3.02070497e+00 -3.28991029e+00
   3.35759936e-01  1.45996240e+00  3.28156862e-01 -2.69466100e+00
  -5.62080046e+00 -3.06081572e+00 -5.85864585e-01 -2.84742759e+00
  -3.18526456e-01  3.58163906e+00 -2.21059193e+00 -3.04290545e+00
   1.36772451e+01  1.35687022e+01  3.75440243e+00  3.06565264e+01
  -2.29340517e+00 -5.34954914e+00 -1.65951543e+00  3.24748531e+00
  -4.54006538e+00 -4.70336592e-01 -5.02048392e+00 -9.33341905e+00
  -4.57836271e+00 -7.14138029e+00  4.07699474e-02  5.96301481e+00
   6.29440885e+00 -3.48374447e+00  3.79551443e+00  5.90753568e+00
  -7.46738349e-01  8.97418574e-01 -2.74926402e+00  8.06522002e-01]
 [-4.45552624e+00 -2.56175744e+00 -1.80043888e+00  1.65749378e+00
  -4.29763015e+00  4.79291629e-01 -4.32736906e+00 -1.52718529e+00
   5.43671119e+00 -3.00649793e+00  2.91954070e+01  3.58783036e-01
   1.82328553e-01 -2.62708379e-01 -3.12460024e+00  3.31910349e-01
  -3.19250585e+00  5.62634277e+00  1.23773963e+01 -3.19765127e+00
  -1.50203213e+00  7.99223142e-01 -5.75205212e-01 -2.90209887e+00
   9.34235869e-01  2.72632009e+00 -1.30684987e+00  1.25602754e+01
  -4.30585878e+00 -3.66417548e+00 -1.77473349e+00 -3.78993758e+00
  -8.27578033e+00 -8.84614811e+00  1.80820256e+01 -3.69988308e+00
  -3.71160023e+00 -1.84149056e+00 -3.35833944e+00 -2.11374004e+00
   4.15816399e+00  5.81327498e+00  1.68761078e+01  3.75146920e+00
  -1.37965568e+00  7.28535438e-02 -3.72319623e-01  1.22350125e+00
  -1.32751493e+01 -2.50668971e+00 -3.93315451e+00  5.90655973e+00
  -4.55083080e+00 -1.50054174e+00 -1.19786371e+00 -1.84201264e+00
   1.41783250e+00  2.48673284e+00  2.31808702e+01 -2.29683681e+00
  -2.35560440e+00 -1.03963123e+00 -2.10372292e+00 -2.47151067e+00
   6.54884184e+00  2.78759011e+00  7.73956359e+00  2.27458851e+00
  -1.26682276e+00 -1.95590375e+00  2.72413763e-01 -1.02481551e+00
  -4.69516936e+00  5.91446929e-01  2.64721052e+00  5.25819761e-01
  -6.52067815e+00 -1.95080918e+00 -1.48655145e+00 -7.31385915e+00
  -9.10896125e+00 -1.04101262e+01  1.36220421e+01 -9.41439016e+00
  -2.61827486e+00 -4.94872904e+00 -3.16728058e+00 -5.04331743e+00
  -3.21339764e+00  6.86630917e+00  5.86796362e+00  1.40549421e+00
  -1.85967265e+00  6.76104972e-01 -1.25358135e+00 -5.95480870e+00]
 [-2.73206921e+00  7.07864330e+00  4.50182250e+00  3.54872245e-01
   7.52482111e+00  2.25024651e+00  7.04087584e+00  7.40995507e+00
  -1.62750601e+01 -9.09600442e+00 -6.64177873e+00  8.05256730e-01
   2.51198769e+00  1.11787148e+00  1.57533170e+00  2.99899672e-01
   1.17351171e+01 -2.19038645e+00 -4.80741564e+00  4.97461703e+00
   2.12100293e+00  1.08693282e+00  1.85798814e+00  1.54250802e+00
  -5.53414733e+00  7.02839349e-01  5.96801224e-01 -9.88480163e+00
   5.99309232e+00  3.05161352e+00  1.94117171e+00  6.12994479e+00
  -5.47680873e+00 -7.34201062e+00 -6.80072822e-01 -1.49935596e+00
   6.19717466e+00  2.07556425e+00  4.42982762e+00  3.67360424e+00
  -2.82631871e+00 -3.75637811e+00 -1.48992276e+01 -6.58180901e-01
   1.00468153e+00 -4.98486697e-01  3.91157158e+00 -1.12338459e+00
  -1.89124610e+01  1.36831569e+00  1.74727874e+00 -1.02770393e+01
   6.24417354e+00  2.13388827e+00  2.52869082e+00  4.74732665e+00
  -6.69236026e+00 -1.05990808e+01 -1.29961598e+01 -2.26828042e+00
   4.46334761e+00  2.00486667e+00  2.16875602e+00  2.54462240e+00
  -1.46197021e+00 -1.86466055e+00 -3.65463984e+00 -6.54749580e-01
   1.07891309e+00  2.52816556e-01  3.47182259e+00  6.60567236e-01
  -1.48912456e+00  2.10199324e+00  1.03450411e+00 -1.77685823e+01
   6.01921227e+00  4.27170159e+00  2.56453508e+00  9.55998448e+00
  -6.08424049e+00 -4.82691135e-01 -2.02872011e+00 -3.27406118e+00
   6.17575989e+00  9.48019147e+00  5.21182142e+00  4.84557685e+00
   5.10641201e+00 -5.85728183e+00 -5.72797467e+00 -9.17012073e-01
   2.15437262e+00  1.62359798e+00  2.88517556e+00  5.04093125e+00]
 [ 1.50077681e+01 -4.14137905e+00  8.87392504e-01 -9.48384803e+00
   2.62093189e+00 -5.58392934e+00  1.16861942e+00 -7.51442153e+00
   1.36357069e+01  1.83274789e+01 -7.71076892e+00  1.29723672e+00
  -2.14906253e+00 -2.18054108e+00  2.23388331e+00 -2.79063384e+00
  -9.04053277e+00 -3.96616086e+00 -6.79260799e+00  3.45999794e+00
  -3.14458369e+00 -1.69484725e-01  3.63976386e-01  5.21542267e+00
  -4.23077657e+00 -1.22963314e+01 -1.80811064e+00 -1.59604806e-01
  -2.84651198e+00  1.96605146e+00 -4.79277349e+00 -2.83703734e+00
   1.72854462e+01  1.35618482e+01 -6.28166097e+00  1.52918313e+01
  -3.62651463e-01  2.58423423e+00 -8.33756051e+00 -4.25740629e+00
  -8.36288633e+00 -1.72663072e+00 -7.74193229e+00 -6.45051902e+00
   3.72646146e-01  2.67527198e+00 -3.34082985e+00 -4.88310925e+00
   2.68589746e+01 -3.54136958e+00  1.68382390e+00  5.18921029e+00
  -6.68096411e-01  1.00472351e+00 -9.13846686e-01 -7.87890871e-01
   1.36229540e+01  4.92513507e+00 -7.16400545e+00  7.85502752e+00
  -2.44350315e+00 -2.42519784e+00 -3.93189971e-01  2.62154926e+00
   5.33928825e-01  2.13788615e+00 -3.49905917e+00  1.22758866e+00
   5.06436123e-01 -1.87855187e+00 -1.53364443e+00  3.40715373e+00
  -7.49295117e+00 -1.62621423e+01 -7.43611706e+00 -1.34137639e+01
   2.79487105e+00  3.02865674e+00  5.81531793e-01 -5.49361064e+00
   1.97332671e+01  1.13631539e+01 -6.57283810e+00  2.20218704e+01
   1.02087768e+00  2.60991785e+00 -2.08531078e+00 -5.76527422e+00
  -8.18742322e+00  2.47471714e+00 -3.93550338e+00 -6.39601782e+00
   4.52038381e-01 -3.19712153e+00  1.11766981e+00  1.07355450e-01]];[[1954    7    1  538]
 [   9 2491    0    0]
 [   0    0 2500    0]
 [ 144    0    1 2355]],{'C': 100.0},0.9576400747946066,[[-2.14006427e+01 -1.41190070e+01 -4.72479790e+00  1.85720861e-01
  -3.09546811e+00 -2.57328285e+00 -7.35750780e+00  6.81994501e+00
  -1.51760636e+01  9.68003465e+00 -3.13346449e+01 -1.36425272e+01
   2.70104019e+00  9.16664267e+00 -1.08925912e+00  7.24986058e+00
  -4.34864276e+00  6.37035290e-01  3.18427900e+00 -6.44630332e+00
   2.98197846e+01  5.76155983e+00 -9.24985675e+00 -1.40880045e+01
   2.84141642e+01  1.19997528e+01 -8.97571893e-01 -1.39760174e+01
  -2.62301487e+00  9.21586946e+00  6.07579728e+00  4.89109775e-01
   2.02140997e+01  5.99199943e+00 -1.81489361e+00 -2.55682827e+01
  -8.67029465e+00  5.86668891e+00  9.04336577e+00 -9.87164465e-01
   1.61578361e+01  5.87319520e+00  2.19898097e+01  1.05002492e+01
   8.27750189e+00 -7.22763742e+00 -1.72194001e+00 -4.09208372e+00
   1.28908346e+01  7.10741437e+00 -1.18281608e+01  5.39937961e-01
  -1.10723313e+01 -7.44191984e+00 -2.18540545e+00  1.30070697e+01
  -2.21388261e+01 -4.00219075e+00  3.68032362e+00 -2.49286187e+01
  -4.65741705e+00 -3.24887622e+00  2.37937164e+00 -1.79964217e+00
  -1.73115793e+01 -9.91201146e+00  3.87692868e+00 -1.82689183e+01
  -2.93925294e+00  1.97689917e+01 -3.77465661e+00 -5.12262460e+00
   1.92014787e+01  3.51063201e+01 -2.88544206e+00  2.48738540e+01
  -1.01353066e+01  6.06787504e+00 -1.27427004e+01  2.13549123e+01
   5.23729034e+00 -1.11044503e+01 -2.21632889e+00 -2.36226249e+01
  -6.32109291e+00 -1.66038467e+01 -2.77024828e+01  1.71255611e+01
   2.57160123e+01 -4.26549925e+00  1.97004685e+00  8.49326066e+00
   1.11782577e+01  3.54352102e+00 -1.09509950e+01  1.66237641e+01]
 [-7.87988034e+00 -3.55939113e+00 -5.97787833e+00  2.94559610e+00
  -7.50259433e+00  2.81421878e+00 -3.47758384e+00 -4.91214432e+00
   9.02684253e+00 -9.75553209e+00  5.21338609e+01 -4.20496958e+00
   1.09955850e+00  5.51155062e-02 -5.98263804e+00  5.60968626e+00
  -8.42392857e+00  8.49149454e+00  2.02379056e+01 -5.69874829e+00
  -3.81903518e+00  1.47268208e+00  1.92494666e+00 -6.70978094e+00
  -8.56587282e+00  9.72372296e+00 -5.09977154e+00  1.74054980e+01
  -1.05159825e+01 -7.31640308e+00  2.21240404e+00 -3.00248890e+00
  -2.55676039e+01 -5.61697693e+00  5.23823216e+01 -5.36777451e+00
  -7.13063007e+00 -5.26933787e+00 -5.24873561e+00 -3.70244999e+00
   7.25488136e+00  1.07398026e+01  3.10679406e+01  7.09863153e+00
   2.82453547e+00 -2.38673571e+00  1.03814464e-03  3.44817290e+00
  -2.19174529e+01  8.53586258e-01 -6.09204801e+00  2.67783377e+00
  -8.29003379e+00  4.43462079e+00 -2.25292082e-01 -5.61672089e+00
   1.71554571e+00 -1.08180986e+00  3.96526631e+01 -1.22546935e+01
  -2.57566748e+00 -1.06887967e+00 -3.83382288e+00 -6.36535709e-01
   1.63584279e+01  3.60435482e+00  1.56963867e+01  4.52119450e+00
  -3.70821682e+00 -5.81843187e+00 -2.19991701e+00  1.03402684e+00
  -1.30394893e+01 -5.33848737e+00  2.77701231e+00  9.01063030e+00
  -1.01200202e+01 -8.20724737e+00 -3.75247525e+00 -1.52948865e+01
  -1.96428429e+01 -1.97002037e+01  2.85904803e+01 -2.67728796e+01
  -7.66288984e+00 -7.23859548e+00  2.67878891e+00 -1.53457411e+01
  -7.94361681e+00  1.59291339e+01  9.60828610e+00  4.12768265e+00
  -2.10121718e+00 -1.21421206e+00  3.43281125e+00 -4.84121571e+00]
 [-6.74603234e+00  1.16093468e+01  9.10066574e+00  9.12766128e-02
   1.36983541e+01  3.30351698e+00  1.33662353e+01  1.48894522e+01
  -2.42734631e+01 -1.68012423e+01 -1.46265178e+01  1.31540317e+00
   4.16540649e+00  1.95655584e+00  1.05902664e+00  5.65032577e-01
   2.22169730e+01 -2.37541749e+00 -6.15256388e+00  9.60477561e+00
   2.55610266e+00  3.04411828e+00  2.74224713e+00  2.53937698e+00
  -7.00835713e+00  8.28105468e-01  1.31405215e+00 -1.11948652e+01
   1.33332162e+01  3.81596115e+00  5.18118854e+00  8.39650183e+00
  -9.53363099e+00 -1.93318661e+01 -1.88344849e+00 -2.49772116e+00
   7.65505094e+00  3.75938879e+00  7.82753831e+00  4.81877882e+00
  -2.63298829e+00 -8.11620813e+00 -2.92291255e+01  1.60453889e+00
   1.40043834e+00 -1.22344106e+00  6.52480881e+00 -1.97128391e+00
  -3.38159657e+01  1.68774591e+00  3.08848557e+00 -2.03528651e+01
   1.40316281e+01  4.71292560e+00  6.07620800e+00  8.94823889e+00
  -1.92281237e+01 -1.64708613e+01 -2.21112818e+01 -4.86484562e+00
   7.47779168e+00  3.51476343e+00  3.97802941e+00  3.41425022e+00
  -2.58325097e+00 -3.10460641e+00 -8.70328323e+00  1.24777340e-03
   4.31264070e-01  7.01753378e-01  7.72507817e+00  1.60295599e+00
  -1.39783236e+00  7.69228958e+00  5.54099300e-01 -2.70852215e+01
   1.02145608e+01  8.90855872e+00  5.10920201e+00  1.70666644e+01
  -1.57195536e+01 -2.88663502e+00 -2.02023281e+00 -4.53595626e+00
   1.10162727e+01  1.78893916e+01  1.11144591e+01  1.01307768e+01
   9.19835733e+00 -1.15569364e+01 -1.43704297e+01  6.37872784e-01
   2.61390595e+00  3.42783286e+00  4.69694451e+00  6.32894473e+00]
 [ 3.60265553e+01  6.06905135e+00  1.60201049e+00 -3.22259358e+00
  -3.10029166e+00 -3.54445290e+00 -2.53114368e+00 -1.67972529e+01
   3.04226841e+01  1.68767398e+01 -6.17269817e+00  1.65320936e+01
  -7.96600518e+00 -1.11783140e+01  6.01287052e+00 -1.34245794e+01
  -9.44440162e+00 -6.75311234e+00 -1.72696207e+01  2.54027600e+00
  -2.85568521e+01 -1.02783602e+01  4.58266296e+00  1.82584084e+01
  -1.28399343e+01 -2.25515812e+01  4.68329128e+00  7.76538462e+00
  -1.94218855e-01 -5.71542753e+00 -1.34693899e+01 -5.88312270e+00
   1.48871352e+01  1.89568436e+01 -4.86839795e+01  3.34337784e+01
   8.14587378e+00 -4.35673983e+00 -1.16221685e+01 -1.29164362e-01
  -2.07797291e+01 -8.49678971e+00 -2.38286249e+01 -1.92034196e+01
  -1.25024757e+01  1.08378142e+01 -4.80390695e+00  2.61519473e+00
   4.28425840e+01 -9.64874653e+00  1.48317232e+01  1.71350934e+01
   5.33073704e+00 -1.70562654e+00 -3.66551047e+00 -1.63385877e+01
   3.96514041e+01  2.15548619e+01 -2.12217050e+01  4.20481578e+01
  -2.44707152e-01  8.02992461e-01 -2.52357817e+00 -9.78072340e-01
   3.53640237e+00  9.41226304e+00 -1.08700321e+01  1.37464760e+01
   6.21620569e+00 -1.46523132e+01 -1.75050455e+00  2.48564176e+00
  -4.76415708e+00 -3.74601223e+01 -4.45669552e-01 -6.79926278e+00
   1.00407661e+01 -6.76918638e+00  1.13859736e+01 -2.31266901e+01
   3.01251062e+01  3.36912891e+01 -2.43539186e+01  5.49314607e+01
   2.96771007e+00  5.95305058e+00  1.39092348e+01 -1.19105968e+01
  -2.69707528e+01 -1.06698296e-01  2.79209670e+00 -1.32588161e+01
  -1.16909465e+01 -5.75714182e+00  2.82123928e+00 -1.81114931e+01]];