MutationsType	SBS1	SBS5	SBS8	SBS18	SBS20	SBS30	SBS36	SBS44	SBS59	SBS96D
A[C>A]A	0.00088616	0.01199760	0.04409822	0.05153386	0.00061928	0.00179968	0.02519378	0.00000000	0.00358821	0.14982818
A[C>A]C	0.00228040	0.00943811	0.04779807	0.01581039	0.00139064	0.00050591	0.00831795	0.00015004	0.00236882	0.00552538
A[C>A]G	0.00017703	0.00184963	0.00461981	0.00243160	0.00002181	0.00009128	0.00223945	0.00000092	0.00014193	0.00017340
A[C>A]T	0.00128023	0.00660868	0.04699810	0.02141407	0.00124057	0.00055590	0.01789558	0.00578146	0.01449276	0.01973051
A[C>G]A	0.00186033	0.01009798	0.00432983	0.00173114	0.00877402	0.00106981	0.00183955	0.00318081	0.00293853	0.00046223
A[C>G]C	0.00122022	0.00569886	0.00294988	0.00259170	0.00151069	0.00046692	0.00166959	0.00023306	0.00243878	0.00000000
A[C>G]G	0.00011502	0.00171966	0.00028599	0.00192126	0.00046921	0.00013098	0.00049988	0.00003141	0.00082959	0.00000000
A[C>G]T	0.00114020	0.01009798	0.00570977	0.00408268	0.00442202	0.00073087	0.00190953	0.00329083	0.00382809	0.00000000
A[C>T]A	0.02500444	0.03259348	0.00680972	0.00920605	0.04932257	0.10598120	0.00595853	0.08992278	0.00391804	0.00868230
A[C>T]C	0.00632112	0.01789642	0.00281989	0.00465306	0.01300595	0.09038397	0.00327919	0.01690428	0.00285857	0.00000000
A[C>T]G	0.36506477	0.00617876	0.00322987	0.01220802	0.01330609	0.01439745	0.00706825	0.01430362	0.00255872	0.00000000
A[C>T]T	0.00958170	0.02199560	0.01249950	0.00797524	0.01300595	0.02929480	0.00430894	0.03030768	0.00338831	0.00164969
A[T>A]A	0.00080014	0.00737852	0.01949921	0.00249164	0.00051123	0.00036294	0.00243940	0.00478121	0.00199900	0.00047172
A[T>A]C	0.00223040	0.00692861	0.02129914	0.00087858	0.00519238	0.00039293	0.00142965	0.00260066	0.00249875	0.00000000
A[T>A]G	0.00114020	0.00911818	0.02279908	0.00260171	0.00030314	0.00063789	0.00252938	0.00000108	0.00218891	0.00000000
A[T>A]T	0.00018303	0.00619876	0.02499899	0.00784515	0.02561172	0.00048991	0.00306924	0.03080780	0.00279860	0.00005569
A[T>C]A	0.00109019	0.04619076	0.00976961	0.00202133	0.01070490	0.00061089	0.00524870	0.01930489	0.00994503	0.00488122
A[T>C]C	0.00304054	0.01339732	0.00500980	0.00209137	0.00455208	0.00045792	0.00168958	0.00324082	0.00260870	0.00057713
A[T>C]G	0.00010602	0.03819236	0.00697972	0.00208137	0.01860852	0.00027695	0.00383905	0.02720689	0.00351824	0.00000000
A[T>C]T	0.00574102	0.03829234	0.01489940	0.00424279	0.00010305	0.00054490	0.00511874	0.00026707	0.01079461	0.00344970
A[T>G]A	0.00017203	0.00385923	0.00163993	0.00072147	0.00001050	0.00003899	0.00108973	0.00000002	0.00178911	0.00000000
A[T>G]C	0.00020704	0.00259948	0.00066797	0.00085856	0.00002131	0.00010998	0.00062285	0.00003261	0.00155922	0.00218755
A[T>G]G	0.00026805	0.00793841	0.00476981	0.00199131	0.00002691	0.00040993	0.00093577	0.00000747	0.00169915	0.00103312
A[T>G]T	0.00011202	0.00482903	0.00073997	0.00184121	0.00005823	0.00079386	0.00098376	0.00142036	0.00343828	0.00225667
C[C>A]A	0.00031206	0.00742851	0.04009838	0.07404865	0.03761721	0.00076786	0.05578622	0.00002841	0.00222889	0.03151925
C[C>A]C	0.00179032	0.00613877	0.03879843	0.01961289	0.09894528	0.00038793	0.02019501	0.03030768	0.00592704	0.00000000
C[C>A]G	0.00009322	0.00345931	0.00340986	0.01200789	0.00743340	0.00040693	0.00709825	0.00374095	0.00081459	0.01130827
C[C>A]T	0.00000000	0.00648870	0.03299867	0.03632386	0.25211537	0.00029695	0.06048506	0.08672196	0.00201899	0.00506744
C[C>G]A	0.00002410	0.00695861	0.00499980	0.00061340	0.00007694	0.00126977	0.00123969	0.00005361	0.00207896	0.00167386
C[C>G]C	0.00007681	0.00906819	0.00545978	0.00226149	0.00000438	0.00079286	0.00136966	0.00002491	0.00172914	0.00000000
C[C>G]G	0.00035206	0.00248950	0.00001050	0.00358235	0.00018809	0.00011998	0.00041890	0.00000000	0.00068966	0.00093245
C[C>G]T	0.00000000	0.00952809	0.00548978	0.00379249	0.00001010	0.00101982	0.00208948	0.00008642	0.00345827	0.00048055
C[C>T]A	0.00200035	0.01939612	0.00266989	0.01170769	0.01060485	0.10998049	0.00674833	0.00357090	0.00286857	0.00249715
C[C>T]C	0.00027005	0.01899620	0.00401984	0.00676444	0.01300595	0.10298173	0.00667835	0.00286072	0.00040880	0.00637922
C[C>T]G	0.19603478	0.01749650	0.00148994	0.01681104	0.01650755	0.01679702	0.00532868	0.01550393	0.00109945	0.00098693
C[C>T]T	0.00019603	0.02309538	0.01449941	0.00665437	0.01170536	0.04619181	0.00574858	0.00504128	0.00241879	0.00442258
C[T>A]A	0.00004301	0.00353929	0.01899923	0.00054236	0.00014407	0.00021396	0.00125969	0.00001240	0.00007026	0.00000000
C[T>A]C	0.00039307	0.00518896	0.02919882	0.00306201	0.00648297	0.00077686	0.00145964	0.00325082	0.00163918	0.00000000
C[T>A]G	0.00032406	0.00500900	0.02759889	0.00321211	0.00012306	0.00058690	0.00213947	0.00058215	0.00013893	0.00036689
C[T>A]T	0.00026005	0.00429914	0.04179831	0.00226149	0.00010205	0.00061189	0.00195952	0.00001380	0.00370815	0.00000000
C[T>C]A	0.00000000	0.01329734	0.00238990	0.00038625	0.01170536	0.00126977	0.00149963	0.01460370	0.00219890	0.00000000
C[T>C]C	0.00250044	0.01039792	0.00699972	0.00246162	0.00483221	0.00137976	0.00187954	0.00320081	0.00572714	0.00000000
C[T>C]G	0.00036006	0.02079584	0.00125995	0.00162107	0.02611195	0.00126977	0.00184954	0.03380856	0.00163918	0.00166916
C[T>C]T	0.00004261	0.01489702	0.00645974	0.00256168	0.00690316	0.00409927	0.00215947	0.00771195	0.01219391	0.00003996
C[T>G]A	0.00003551	0.00258948	0.00121995	0.00011107	0.00096344	0.00019796	0.00047788	0.00023406	0.00100950	0.00000000
C[T>G]C	0.00021204	0.00460908	0.00194992	0.00199131	0.00160073	0.00021496	0.00056586	0.00253064	0.00261869	0.00104692
C[T>G]G	0.00012802	0.00612877	0.00469981	0.00293193	0.00271124	0.00007849	0.00088678	0.00347088	0.00201899	0.00000000
C[T>G]T	0.00017103	0.00729854	0.00057398	0.00414272	0.00511234	0.00026495	0.00106974	0.00038410	0.02118942	0.00000000
G[C>A]A	0.00158028	0.01019796	0.02419902	0.10907166	0.01080494	0.00094283	0.06768328	0.00000000	0.10294859	0.37941164
G[C>A]C	0.00033906	0.00764847	0.02619894	0.01731137	0.00565259	0.00049391	0.01919526	0.00467118	0.12893562	0.02108123
G[C>A]G	0.00058710	0.00233953	0.00273989	0.00756497	0.00157072	0.00000000	0.00482881	0.00060515	0.01209396	0.01048263
G[C>A]T	0.00000000	0.00681864	0.02689891	0.06234096	0.00249114	0.00086185	0.06898296	0.01130286	0.49875095	0.09363144
G[C>G]A	0.00000959	0.00467906	0.00257990	0.00063542	0.00066931	0.00051491	0.00088578	0.00021906	0.00143928	0.00000000
G[C>G]C	0.00016403	0.00507898	0.00238990	0.00134088	0.00286131	0.00025595	0.00107973	0.00119030	0.00171914	0.00000000
G[C>G]G	0.00016603	0.00150970	0.00048798	0.00063942	0.00069232	0.00011698	0.00017196	0.00000000	0.00035882	0.00207841
G[C>G]T	0.00000000	0.00671866	0.00485980	0.00123081	0.00302138	0.00039893	0.00104974	0.00185047	0.00225887	0.00000000
G[C>T]A	0.00444079	0.01939612	0.00027599	0.00968636	0.04221932	0.04969118	0.00371908	0.09552419	0.00243878	0.00012285
G[C>T]C	0.00009282	0.02159568	0.00024499	0.00817537	0.05322436	0.06098918	0.00339916	0.08142062	0.00234883	0.00000000
G[C>T]G	0.21803869	0.01229754	0.00190992	0.01480973	0.02050939	0.00523907	0.00569859	0.04961257	0.00000000	0.00000000
G[C>T]T	0.00003841	0.01859628	0.00460981	0.00669440	0.03311515	0.01769686	0.00362910	0.06661687	0.00295852	0.00831528
G[T>A]A	0.00008121	0.00366927	0.01279948	0.00160105	0.00005563	0.00032894	0.00087978	0.00116029	0.00025487	0.00000000
G[T>A]C	0.00012902	0.00290942	0.01349945	0.00195128	0.00256117	0.00018197	0.00063084	0.00236060	0.00197901	0.00000000
G[T>A]G	0.00024604	0.00410918	0.01559937	0.00183120	0.00213098	0.00009858	0.00116971	0.00221056	0.00050475	0.00098369
G[T>A]T	0.00025805	0.00321936	0.02809886	0.00346227	0.00430197	0.00019097	0.00111972	0.00318081	0.00150925	0.00000000
G[T>C]A	0.00105019	0.01409718	0.00259989	0.00070847	0.00276126	0.00093483	0.00233942	0.02700684	0.00070965	0.00316890
G[T>C]C	0.00190034	0.00793841	0.00261989	0.00226149	0.00226103	0.00055490	0.00139965	0.00116029	0.00317841	0.00000000
G[T>C]G	0.00117021	0.01499700	0.00280989	0.00398262	0.00406186	0.00050091	0.00183955	0.01730438	0.00098551	0.00105993
G[T>C]T	0.00007131	0.01369726	0.00628975	0.00315207	0.00092842	0.00044492	0.00264935	0.01110281	0.00118941	0.00000000
G[T>G]A	0.00000000	0.00251950	0.00130995	0.00087057	0.00000000	0.00018797	0.00018495	0.00000000	0.00122939	0.00010044
G[T>G]C	0.00000000	0.00170966	0.00065597	0.00003702	0.00006653	0.00035294	0.00031292	0.00001830	0.00164918	0.00000000
G[T>G]G	0.00034806	0.00529894	0.00396984	0.00583383	0.00008704	0.00137976	0.00152962	0.00010303	0.00228886	0.00000000
G[T>G]T	0.00001460	0.00234953	0.00128995	0.00214141	0.00356163	0.00015997	0.00048888	0.00280071	0.00744628	0.00000000
T[C>A]A	0.00006581	0.00785843	0.02979880	0.07384852	0.00171078	0.00069588	0.14096518	0.00085322	0.00002369	0.04731336
T[C>A]C	0.00253045	0.00916817	0.02509899	0.04362866	0.00337154	0.00024296	0.07718094	0.00222056	0.02018992	0.01768482
T[C>A]G	0.00000000	0.00229954	0.00189992	0.01270835	0.00000000	0.00008259	0.01469637	0.00000032	0.00063368	0.00464095
T[C>A]T	0.00000588	0.01269746	0.03189871	0.12208021	0.00090441	0.00066488	0.20794864	0.01660421	0.00382809	0.08939452
T[C>G]A	0.00000000	0.00780844	0.00146994	0.00214141	0.00012906	0.00012698	0.00397902	0.00067317	0.00000235	0.00066673
T[C>G]C	0.00020304	0.00759848	0.00133995	0.00464305	0.00002821	0.00098583	0.00240940	0.00000940	0.00208896	0.00000000
T[C>G]G	0.00006941	0.00170966	0.00007820	0.00089959	0.00012406	0.00010598	0.00030193	0.00000000	0.00040480	0.00042819
T[C>G]T	0.00156028	0.01249750	0.00024899	0.00318209	0.00112051	0.00010898	0.00758813	0.00259066	0.00151924	0.00348151
T[C>T]A	0.00111020	0.02029594	0.00503980	0.01140749	0.00807369	0.09798262	0.01069736	0.00140035	0.00016092	0.00977118
T[C>T]C	0.00003731	0.02299540	0.00025199	0.01140749	0.00919421	0.13397623	0.00685831	0.00225057	0.00027986	0.00238752
T[C>T]G	0.11001952	0.01589682	0.00004170	0.01180776	0.00264121	0.01469739	0.00388904	0.00000000	0.00000000	0.00000000
T[C>T]T	0.00000000	0.02099580	0.00526979	0.00375247	0.00005002	0.05249069	0.00832794	0.00302077	0.00208896	0.00618819
T[T>A]A	0.00672119	0.00630874	0.01149954	0.01080710	0.01200549	0.00028195	0.00245939	0.00696176	0.00208896	0.00232238
T[T>A]C	0.00000000	0.00413917	0.01949921	0.00273179	0.00031815	0.00024096	0.00101975	0.00002071	0.00185907	0.00332486
T[T>A]G	0.00002800	0.00478904	0.01289948	0.00179118	0.00017608	0.00018997	0.00087178	0.00000502	0.00045277	0.00194431
T[T>A]T	0.00225040	0.00874825	0.03789847	0.00710467	0.00671307	0.00070088	0.00269933	0.01390352	0.00298851	0.00556412
T[T>C]A	0.00025505	0.01799640	0.00207992	0.00180118	0.01380632	0.00054390	0.00296927	0.01990504	0.00204898	0.00118721
T[T>C]C	0.00339060	0.00970806	0.00263989	0.00618406	0.01660760	0.00028595	0.00227944	0.01050266	0.00223888	0.00132400
T[T>C]G	0.00041607	0.01269746	0.00000000	0.00326214	0.01200549	0.00020296	0.00137966	0.01910484	0.00134933	0.00673071
T[T>C]T	0.00433077	0.01849630	0.00456982	0.00337222	0.01930884	0.00044492	0.00279931	0.03710940	0.00260870	0.00214596
T[T>G]A	0.00000000	0.00521896	0.00000000	0.00069646	0.00000000	0.00011798	0.00078781	0.00000000	0.00159920	0.00022602
T[T>G]C	0.00005511	0.00655869	0.00113995	0.00210138	0.00000000	0.00009638	0.00074382	0.00000000	0.00232884	0.00000000
T[T>G]G	0.00058310	0.00693861	0.00308988	0.00145095	0.00279128	0.00081286	0.00090178	0.00091723	0.00195902	0.00189197
T[T>G]T	0.00000000	0.01349730	0.00099596	0.00516339	0.00151069	0.00888842	0.00180955	0.00900228	0.00000000	0.00158991
